17
514
22461
6292
20969
11408
23066
25775
26696
7330
1681
9853
5503
25692
19339
25689
4557
14604
12010
23339
31432
1283
26767
16096
25086
19364
1568
24343
11997
5050
31752
1053
22480
19471
18367
6172
13995
24122
1867
28815
31817
25528
10759
19449
1907
12606
7843
22487
8964
11342
8812
21203
28491
7945
5581
7994
31409
32324
31254
22960
19868
21981
31869
18467
28051
20303
12899
13565
7074
1669
27352
2718
20992
8428
14688
17161
17647
23244
7671
32733
27364
32472
28244
24200
20456
31748
25707
23735
14398
3478
30261
24848
22086
10624
23219
15396
6049
10477
24625
13727
19862
24346
30664
31170
13492
4711
6694
31508
8121
2990
27026
7252
18867
12243
13610
14001
4965
22428
16751
20542
12268
22979
31236
5792
1187
31562
28851
29193
16451
14863
19889
17515
27983
9632
5411
10469
943
14928
26080
18306
15770
29323
5497
4386
13242
614
19831
30648
1163
29050
3555
30390
2821
1779
14604
32710
26746
15332
3204
8123
26049
10206
11116
28615
28564
7104
7665
9966
12855
24272
27159
24506
6234
16907
10678
26161
12609
32186
16833
8708
16930
3398
7886
28937
1743
32077
6867
1515
26004
24565
28718
7969
6755
23425
24041
10780
7470
1826
24891
9925
18325
2575
10322
24358
32193
12503
8783
18279
24208
27894
20627
6653
16114
29351
15673
1054
29843
26874
15075
30328
13242
24614
20922
28194
1137
544
32176
18899
4838
12653
8713
32594
24337
2612
22041
17709
3991
31127
28495
1198
27630
24387
27762
10251
16834
27974
9771
6365
14744
14882
26820
723
24242
14623
23343
11944
24114
3301
22346
2386
16770
26697
5985
11133
10226
29032
23796
30007
17315
23282
29883
4589
7589
10185
15336
30870
25948
19659
2732
15406
20264
9451
10236
16486
17988
27527
10901
9882
30191
12534
27454
1795
28106
32096
27725
18990
25986
5586
23148
13996
25518
6033
2717
1804
19451
23983
6524
7174
6278
25821
4036
7929
17033
8576
12309
10392
7738
31751
20981
16351
11760
26491
28180
17741
12424
18007
16340
7757
28423
4507
8200
13557
3456
30236
31996
8178
25401
23582
5047
1731
7689
3364
20092
5670
13572
27655
27799
6352
28251
29510
22358
2145
31869
28061
18517
10903
30338
7385
9470
3778
12234
17130
13137
32632
13025
16698
3041
15497
25510
16957
27935
4405
3245
8522
21467
6813
23521
1193
32008
21112
4718
24045
13504
12807
27614
17539
5768
331
129
24204
8916
9845
10003
19432
19918
2462
6553
18323
27475
24760
24972
29493
7230
30661
20281
244
8426
18759
104
12173
13554
31479
14908
19619
22587
4793
6746
12631
10549
30672
25421
27928
13405
5198
26666
4796
23815
10959
23407
23504
17242
13415
1329
5677
19356
23257
9335
4044
10928
25354
32737
29916
7132
7093
27021
21521
9168
9311
14906
15678
1252
8334
1966
11814
18594
11062
6742
16784
644
7796
26157
21657
12286
894
2782
5710
22975
16091
7981
13690
23093
19663
19347
8381
27983
8730
30760
3294
28038
1250
4551
13666
25118
29165
10860
2910
17065
25107
30944
18057
5070
1011
31641
3221
16712
15846
17115
8896
22833
3121
9764
23974
3201
3967
26823
17241
6354
24462
4567
5043
32614
30248
31558
10987
11626
18005
23630
29287
31100
21455
21264
21457
6764
24246
12668
25197
31551
30597
4464
11946
4218
3909
29732
30711
4765
22528
28869
12503
16877
2425
13920
2360
6006
24090
25858
29441
1873
23598
542
21738
14371
16208
3118
24464
21478
5667
29085
14537
21996
26692
28389
28980
31264
30845
6133
30741
12688
30524
4309
352
16424
14659
14732
4628
26560
18080
20802
9930
17498
21984
21666
10382
15780
1920
7042
9197
12741
30116
31174
30287
15701
27659
26497
25992
17581
23619
29790
21929
8802
25113
2623
4380
7948
27732
17187
22256
5708
23971
22093
9073
27917
14803
24739
26364
15625
13125
3156
7953
22927
11424
23485
1450
4484
707
7054
19147
21161
13054
16424
3163
4635
12673
12874
50
7712
1044
20205
1139
15648
29961
7788
2588
15858
29295
1768
3547
23898
28041
32235
4900
9423
20095
32075
21888
9857
20562
16210
9256
15002
22805
1563
7122
8644
8795
29247
13003
12524
17900
11442
19270
27206
700
26599
16372
10130
19997
31803
7892
14749
1331
9104
1613
8458
21160
6200
22650
17490
7330
6934
14533
18186
3826
9471
1975
26213
5519
18278
20750
32505
23362
57
24592
8134
8354
1286
28192
20084
32579
18786
8079
24796
27947
17547
17076
4042
5253
14924
1343
9985
21402
2849
5066
30336
30972
20380
22449
26884
4100
17159
18212
25550
20863
16715
31610
21414
3237
23569
456
2848
7243
19238
6579
22046
15449
15396
22146
26262
21373
17743
22136
32406
1313
32701
1120
31621
8091
3258
5993
9899
15012
2666
17716
28404
6668
15280
23084
28656
10412
26447
11286
27167
8091
12879
6888
4204
11685
31139
5087
20215
13048
28424
19148
28439
25889
32048
7599
15520
28471
14112
22150
4193
25174
22231
16231
25585
2639
3888
15565
21164
31390
13577
25136
11256
26525
933
13528
31437
8183
79
4338
9844
14942
16704
25828
4238
19329
7107
14046
21593
14392
32151
10417
2863
30722
30101
28133
14927
23474
12178
26629
19936
11365
26503
23870
17715
14007
6128
32041
29769
5687
26481
10212
32405
21784
6591
11111
28418
13353
1982
27413
4408
12039
25319
9618
28699
4240
18413
19669
7573
11164
25760
9342
10134
3048
13585
6761
24153
13139
7159
3459
20456
14157
23121
30428
7394
21132
10829
10494
2684
16128
361
6526
30150
27658
15832
26832
3120
25833
17191
7263
27980
31605
18976
16093
6613
2831
26607
23256
21489
26584
4227
911
21683
20001
6199
24579
31460
26147
30898
27729
22275
12272
23819
25918
14474
27562
14641
4628
8307
20979
28811
24749
15611
12452
20443
1997
21158
16322
24168
9141
13955
17070
19036
244
15793
18843
29803
2433
17954
10053
24245
2055
15519
28385
750
13696
17420
3663
21436
17669
25070
22679
28000
25060
21546
5267
14745
21492
29711
25577
2757
15909
19095
5693
29258
11099
14826
15524
22068
23933
24612
4443
2592
4808
5976
1977
28504
13674
14037
6242
24639
10572
31144
7614
27376
11311
11874
21673
7970
31738
5147
21868
29519
14162
2230
6380
1301
11372
27751
24098
14556
2591
24179
971
31929
10046
14135
10849
12946
21540
25452
12873
1411
27280
1193
27214
11905
4020
31529
590
27709
23688
15567
5683
12875
24676
7527
25893
21380
12750
27695
2303
11177
401
2710
16895
3145
25615
24643
10945
28900
17623
20569
26734
15952
14458
5114
11057
4444
8347
7690
4842
24756
22086
27701
19495
30212
20099
26931
31056
608
27946
17482
15393
20964
31224
25109
29533
25239
27619
19077
193
25237
32427
14373
11063
22894
18098
11426
29005
201
14093
11914
24549
4173
19931
5204
16686
193
23253
161
14291
2673
5159
29633
6770
25300
28031
5753
9039
32109
25955
8707
18506
21487
15559
2391
20238
31140
19679
18345
29068
32271
28466
30771
9896
25297
11248
6964
25393
10441
8837
11321
26391
14463
24686
28059
27352
10691
6731
3401
16700
11921
31542
1735
16706
9528
32340
26231
3162
5563
1705
21016
1236
7800
10545
31372
2201
5127
23852
23262
17433
22629
1721
26755
12676
11602
4006
6368
6205
1527
647
24589
8332
7116
23557
3289
20371
19129
1657
9742
32643
30844
13242
11510
10255
2890
2354
26909
2849
13241
21048
8537
6604
3549
11418
26120
9603
23985
25464
20633
12680
27321
27737
23630
30886
16102
14968
15423
31523
19642
23647
21155
10481
16556
6071
11595
31780
462
30559
11119
6057
9645
32699
12461
15924
23417
32079
2383
13690
4710
8588
25549
27041
24401
25065
914
25844
26023
19766
4355
28636
18307
19245
10942
27915
24854
31307
7199
17915
21324
8158
23817
31639
8620
24158
16099
12088
26497
9728
27360
14290
26679
5001
5508
6000
32519
12640
2916
25821
12759
20200
31533
32164
27483
25100
8423
5179
8321
10012
13947
28284
25868
29399
19827
26708
13182
27337
30210
3775
27708
6103
22340
26356
20461
1816
7366
13788
31011
27878
23881
23497
6461
32309
24259
6245
31884
29732
23463
19177
6580
28114
11622
655
12373
9331
54
29513
15083
9635
29714
8883
14323
2041
20226
24902
3664
19936
9372
25551
4332
27298
5835
4384
26018
7622
5071
22534
21340
6300
13701
8571
15224
8726
9705
13084
17009
11481
11481
5597
27579
5012
19228
21755
11502
28561
1698
10546
15399
15754
19469
25649
7595
17597
2417
12363
13518
29762
26200
30831
23572
10909
15626
3162
18581
7056
14603
21771
15526
18483
16100
11639
19893
15686
294
13183
16757
3013
26285
9503
17980
12221
9762
7656
2729
22879
15043
18608
30857
19538
5735
22920
5883
18766
13500
25582
22483
13799
29652
24900
21565
30374
21984
31617
15523
12126
4155
28711
32720
23997
2986
8053
27989
546
14818
7133
22315
19118
25674
19896
30363
29854
22531
32569
6235
22488
4902
25759
21498
20675
22348
29871
21117
31836
17748
9570
26699
31367
26208
24795
1606
10914
17953
18075
17979
5728
597
3320
5756
32469
29581
5835
18635
16333
21300
4458
2170
32098
717
11990
31697
20430
22652
20533
5296
24957
5320
13442
21621
13159
26015
32643
1824
31644
6810
11515
14774
21024
28291
17442
28643
8186
2581
24402
23778
1160
9218
23555
9122
9493
25147
18169
25121
6829
24683
22716
3100
29232
32708
5705
22763
29350
25599
27143
18599
7634
16798
18684
1165
7946
24949
14401
7847
7238
32104
18099
29865
7542
23158
20204
14873
32281
17399
5490
28082
7435
19489
5933
15883
16030
30161
7199
8564
21741
11145
25167
9504
8813
10164
29958
14218
27333
12850
1086
29201
9696
22288
20568
9701
26944
31383
32269
12327
31637
28297
26279
22860
18062
27815
14449
17347
6895
6774
31596
11735
31460
31299
20035
2774
24212
28005
28545
14195
9978
11202
26370
19817
13040
21653
25511
23137
19085
31854
8526
32278
21681
23674
27394
13239
2782
1796
3438
19085
8010
17724
19864
20957
2354
567
14284
31760
27504
26424
23253
15633
18768
3374
17268
10231
32160
26493
19466
20452
10246
19457
5272
12332
1175
15440
14057
24506
24996
21568
2830
5040
10199
426
4107
13646
10367
26989
19664
3861
9769
7605
15723
21804
19312
2429
8315
3330
1046
13650
14568
6197
27731
18778
22481
26291
19052
28822
17094
5151
18056
356
19000
29814
21696
3912
9261
21490
1397
18923
24376
28206
12262
19812
425
24716
11009
18359
10497
7124
2170
6043
15785
6429
1563
18561
3811
22001
10587
4049
27392
23468
14641
12151
2004
22053
2602
24990
20327
32144
20666
12731
25837
22435
28111
26318
30200
5112
27052
25317
11245
1971
4341
7137
20916
3172
26630
4476
436
17967
26761
25739
28671
5418
15688
29569
9417
13830
28735
8245
15135
22002
16118
8933
30678
7612
2318
3706
19649
30777
3353
27149
7207
6120
26543
939
20595
32722
2238
24661
7214
5044
4897
27979
30251
29536
23156
22155
9729
9569
29479
9876
29886
21726
2258
4975
21978
9921
28360
7408
7274
27159
7919
24634
4246
10170
6863
17537
31053
21806
25320
25876
28216
11978
30793
23706
1516
32024
7262
21915
13411
18814
17162
1091
28077
17949
27381
28003
24803
27897
20520
7865
24413
6746
11479
15473
17444
9843
31869
2027
28586
16962
29999
17343
11193
7095
11049
6399
2986
3352
4782
25020
7383
23460
21519
31947
31571
18807
9737
3784
7896
32429
8787
21596
29696
3530
18552
27068
5560
5978
8931
11122
15090
20692
16952
5216
11419
29380
747
15618
22477
21033
20747
24563
20549
10524
24158
1971
22295
21171
32435
18855
14752
32293
7796
12897
7357
7471
1915
18210
2106
4534
26662
16541
18062
24237
20654
25342
27845
24633
6836
5931
7869
20243
28445
10570
25493
4911
24096
20611
7779
10651
15773
25607
32549
8617
16817
24913
32763
30032
903
10156
17043
16592
27249
3317
25060
7573
11063
12194
3103
9310
20911
10755
30946
23198
2189
2760
4015
3874
4989
14020
21150
27125
12143
6128
24910
13185
19762
15795
10273
5878
23109
21088
4009
25584
3050
2561
16477
4948
24699
28243
20113
4986
19201
11281
25253
8082
15619
17781
12668
9792
668
19965
22831
906
9424
4971
30211
4596
17952
22543
921
22249
11612
584
24165
20061
29369
25929
31073
6577
804
1817
7171
5591
28117
2013
15468
7350
12326
3674
18914
30160
29606
23990
31616
14882
29289
30846
30508
12107
30115
29934
25802
24049
8821
26220
16815
26465
2311
85
2137
24181
10711
22012
93
10171
25937
23536
19104
9427
2463
3710
32202
12057
29378
24951
26360
9605
28898
23860
17074
4559
26850
3286
540
10454
25400
8658
28784
10818
31996
28846
19627
25448
28478
11013
11143
22895
8349
31441
13738
24241
29973
25322
5661
5988
20505
2249
11519
12666
31970
19346
23163
21445
28934
19538
30199
2143
7500
19332
17806
9801
16575
32731
2497
32338
29185
19003
29033
20283
21218
27400
2544
17688
8753
7332
32705
2041
8147
14131
17149
7626
30481
16802
25712
9080
9014
5095
16067
8534
602
28298
16371
32446
2681
11108
26370
22779
21704
27559
18924
16742
29512
26398
14300
9936
17563
16566
19360
28192
14871
1086
602
32317
17433
12651
10873
17199
22683
30751
16104
27777
18441
2538
645
27369
21585
9426
28629
28971
15930
15183
20726
31802
15606
23962
5077
9888
5114
18471
11937
19233
15117
15216
10367
15003
19615
245
6783
2353
11869
16769
15566
13992
10242
4270
21550
13841
23664
20907
5028
6313
22783
22845
18032
24573
12053
28932
22082
15186
19447
8192
427
13379
734
23636
22226
3756
32078
2633
18024
24519
1443
27797
25310
8341
24557
27102
8149
16256
9469
19322
9686
30014
21440
22905
3651
24824
3276
30693
7053
12204
11321
10568
16808
21200
13746
6767
4796
2616
18123
7022
25630
17721
917
10724
16254
7951
12657
28800
29794
31356
29729
24516
24019
178
24869
17417
12373
1907
23876
31940
25629
8823
30825
14599
3967
25614
15280
23883
17830
4358
7617
30316
19847
19407
4445
24053
17687
31453
25142
29598
1212
28238
21508
4115
22274
2253
14293
5367
22672
28598
27556
15913
5210
1658
30766
6214
12312
14662
16641
16495
15606
23263
31446
20812
141
6609
23584
8528
18962
20680
15333
13887
10189
13886
4813
4590
4301
12118
4729
15435
22235
18952
18197
11932
29868
8831
30513
1036
3163
14271
13772
4963
10774
29579
23218
22037
7959
27014
21769
16510
2261
4504
3110
28524
22652
403
17061
20190
28315
27159
12216
7691
7965
23219
17087
29862
12667
4428
17689
11617
12592
22723
20026
22960
8812
15058
15870
8911
28428
2359
12605
15366
8138
533
9376
18988
13745
5015
14771
25706
14293
726
21051
4673
18752
31229
30153
27342
23343
16811
13711
14669
20351
10648
627
19165
8034
25724
10594
18818
23126
23340
27111
18544
4440
15110
23292
25991
596
17296
4640
9242
6113
5980
16553
25844
4395
5167
15196
8093
26160
30305
8251
16601
15408
19335
3742
21106
32350
30800
9605
20535
28380
21933
15405
20037
17382
10549
2273
21637
9550
31943
10771
4982
7720
6513
17835
22061
22214
10640
12959
21914
10983
17977
24772
20748
28715
29656
29412
4087
202
21015
16144
12534
24198
770
10551
27148
478
3432
3064
7727
10629
16004
9141
27655
15890
20188
12265
6643
7673
20074
16059
845
26042
7162
22227
27375
2136
27603
29548
22261
19469
8601
1706
22981
32572
370
30254
27725
31143
31848
17897
15756
15842
7183
25901
6996
20232
20839
21002
22606
3756
11011
1751
21310
14098
13931
26127
904
17823
4288
6239
12020
27023
27294
4348
11438
19174
838
11322
22929
15785
24317
7259
8612
13645
15535
6308
17125
3184
3800
695
11590
29895
31653
30236
9206
9048
10326
30241
993
3305
21478
11748
21370
18104
1262
30382
32696
24428
20167
6274
27230
17484
29166
30966
11648
1711
23469
11330
14403
5555
18680
7319
10468
16434
4246
15282
2044
4850
22657
29360
18690
26396
14990
17444
13329
13552
7248
21607
7403
32438
15930
19503
2879
26616
17925
18787
14375
19694
18513
21038
1269
28218
5519
32339
20271
1238
19998
19136
17880
21066
436
19301
9201
290
24064
12102
29760
27039
12430
19151
16976
3757
16362
7272
23737
26389
16392
32586
3233
18164
26083
145
26243
32108
24165
2706
6192
31385
11399
23150
22547
4550
12985
29672
22968
11233
27524
1907
27536
32301
5486
32399
8686
6455
22046
8790
13142
25611
6336
4178
27127
22439
11179
29074
20086
3760
24897
10237
28653
32100
14359
26086
27956
26064
20055
25568
9055
23619
9314
10451
9607
28674
29369
6223
25038
19517
5917
15137
6045
25922
23797
30244
816
1521
9457
9050
25173
20848
12269
16699
13936
3360
4376
11341
26563
18127
2901
5877
11756
11055
24033
13197
25007
8326
17462
17590
7158
31144
11568
2032
17942
21795
28015
11880
32596
31929
28924
22544
31656
22803
12335
17653
16321
19891
27600
12494
24136
4395
29820
3280
6761
21900
330
3018
5008
21794
22959
13421
24176
5982
22175
28139
12106
532
32501
15045
31084
2791
17173
5597
10232
7425
7120
9683
21478
1799
4232
14990
6988
1355
26772
18713
32221
15428
3045
22961
25264
14140
22250
7196
11076
16201
26034
5692
30656
7806
6737
8419
127
9058
25220
9961
10443
30881
152
23164
12009
9474
23431
21688
7511
18329
6757
21367
24913
25662
3834
2411
10905
21566
13233
13418
30840
12112
16561
28168
30720
16586
7241
27243
6037
23828
10897
6491
29612
11101
16462
23961
209
14222
15639
20082
5871
24700
4278
14227
16844
30306
12241
19231
31443
7566
15306
14847
12310
18778
25059
9850
15507
25438
13734
9477
13750
29412
2692
16220
12832
22684
4284
11729
28071
29330
14718
15076
28318
15452
9808
1301
4182
16280
10162
4854
5860
26774
3837
28036
12325
4945
22417
13495
1536
25764
27439
25176
17899
17338
1444
12051
16817
1991
31656
19917
3442
11765
26885
28984
16107
11170
2556
20388
12791
12488
17380
6424
30294
28348
8468
5025
19118
14108
17411
20970
18639
1794
5550
14349
10043
21118
13114
17065
13286
9284
24283
17461
27706
26017
30708
3219
22110
25268
16000
12008
32696
24282
26032
22956
17585
19818
14805
29949
17848
675
23937
31545
11657
28898
25065
16331
11439
17944
16014
6213
20039
32124
27677
7088
2568
14717
9875
27679
14208
31227
6820
16011
18080
694
606
5338
24955
1543
29962
24129
23371
26574
28243
29132
4277
11435
20650
5947
7502
26993
26344
4624
2653
18135
10549
25318
23267
28017
18729
13060
6360
28127
18738
7730
18360
31045
9014
20172
24638
32251
17017
8212
14703
31877
21696
15052
731
10437
14007
24581
13344
11119
32656
22066
5551
6078
28653
11392
18131
26981
18432
18538
25839
7881
18672
29063
14343
17261
25983
20391
2177
32429
26091
3871
557
31408
785
8033
18564
14232
15576
16336
8237
7931
28621
20178
20934
27543
28171
3878
10720
14657
8030
22392
14923
20767
27816
24626
16533
1559
31363
9110
21965
13703
30503
1034
19340
16439
32655
11442
23095
3980
24535
24644
1150
31486
13033
10776
21544
8651
9560
9599
21523
3309
24460
20310
27510
11594
23328
5595
32362
2604
10120
6847
30633
13296
25079
23420
8085
20226
25727
13288
25724
19209
28795
28426
30746
6750
22570
23085
26207
32195
27548
3636
2419
14418
11474
25389
32504
16307
3873
16937
655
15506
17879
18762
20893
28496
26145
30237
31823
19705
24620
18986
18395
26743
5003
7626
1545
31749
729
5433
1523
9958
27295
27628
520
13142
16247
2597
12119
30913
22386
6340
21003
11827
17080
1888
31537
16656
5998
14486
21442
1029
13533
18593
6365
19006
16848
8747
11604
17113
27197
21859
25706
10395
8232
25936
27099
6626
25541
32613
27421
11483
22237
20821
26086
5109
8050
28969
16366
26262
23974
2959
3062
25100
14553
19573
8201
14022
18450
13782
24834
13764
22944
22740
26446
29260
24065
9480
24819
11231
31234
16918
21713
5227
1064
10116
11048
18114
29007
26316
8027
331
29841
23471
32500
30967
22121
14029
23015
22647
18200
5747
2075
16301
12360
8628
10278
22368
18928
22971
31577
19763
30327
5471
17148
19416
10780
23288
730
17281
24981
3185
19713
5783
27638
6559
31427
32431
3029
11473
30464
15802
13228
1449
32168
28539
24958
30250
29819
3903
23998
13841
16659
1480
24940
105
16421
21386
26497
12122
16900
11034
11661
19010
12390
4067
10143
14855
16747
19739
27493
6059
23515
22773
22164
18720
4271
30744
29834
24670
19924
13649
26419
28852
11819
388
22313
20059
2772
4073
12063
27729
12716
17012
9855
19556
25876
14997
24402
13709
2293
25122
7009
9344
8449
146
19609
10881
1083
12395
1204
11897
27065
18685
2070
17481
12968
4177
2037
3678
5522
18781
18365
23942
3804
29305
12723
770
14995
18455
7896
2268
31592
24494
22032
17531
4856
28407
1667
30580
3921
4956
16708
29347
12722
11694
13873
28539
12947
9750
14362
5018
1765
11342
19493
21152
2715
18448
18544
8770
13417
19919
17913
13466
14028
2982
27067
11457
12874
17038
18714
416
23803
16339
28033
771
17224
10953
15178
13551
1523
23227
16350
30006
14680
18724
11037
8008
18930
29729
30720
8780
2592
17703
2172
15728
19753
20465
14506
22141
13182
32189
11558
7854
3136
30904
24757
31170
28674
27575
13610
23376
30928
27175
2954
3675
15216
5191
10094
6950
26087
19349
25001
16201
10048
2949
28203
11269
17544
14969
14629
32469
32541
1774
8046
10309
12329
9459
1574
13575
15721
32736
5529
11588
19251
13380
7013
32304
20407
26143
22496
8673
27525
18258
15028
31073
11087
25171
21196
3330
5872
32037
30068
9969
12718
10376
24763
31758
20412
20333
23836
22267
25859
23212
8798
31091
12579
15609
953
10206
27828
31509
10042
4898
23505
1089
19561
5307
27095
28408
26152
28942
12906
28125
3038
5114
7097
4339
1493
31665
26115
9996
30945
17862
21595
21380
30019
4743
21160
11310
27852
12940
15599
29583
21574
21136
11221
17226
29711
6528
27231
15068
11271
27858
30973
1673
11948
20248
16839
21142
30596
3285
25094
32441
188
11151
11510
9678
31758
20261
19402
19915
4840
2403
7921
21494
29130
18388
17560
26966
8943
21463
26736
13159
31793
6389
16561
25874
9255
9586
23647
25563
29328
6434
9932
19805
12276
30334
17502
28915
30856
2551
11410
4537
18003
23435
9537
1203
26255
24213
802
32587
24146
21481
21393
10753
621
4640
21390
19294
18068
10289
22537
7977
1984
3650
2909
11742
21970
22717
9242
14428
121
8613
30983
3038
27477
7211
5735
21036
27997
1660
14460
12819
16254
28126
20298
21522
16004
30971
28573
8022
1086
11388
21837
17129
7133
24026
23233
24358
21918
18545
2482
25456
32169
30935
10545
29731
31288
619
27884
27851
5371
13105
10669
21140
29628
14813
13091
19202
1087
29229
18149
27362
24428
19324
10420
29057
26543
32149
21504
17435
9888
32709
26286
15766
11743
30260
10521
9840
32578
2420
22359
26871
16435
23643
4029
21944
15443
5134
2725
3129
31588
9823
32622
23531
28261
25177
23237
12634
30718
26392
10787
25511
21535
31967
24727
30264
8933
1124
22726
8878
6845
28782
14384
16151
9675
32162
6069
21605
28301
7322
5463
31008
8123
16952
13121
17495
23410
4666
10249
27868
11666
6158
1074
26801
32101
487
20725
8381
17025
4624
3136
3267
239
14977
9728
19349
20620
5808
25244
2949
29616
14249
18113
22301
16654
30305
28773
6672
25819
16455
262
29295
15667
4637
32051
8736
21944
5382
17742
13453
18044
4576
2960
11417
31265
11987
27469
20184
7998
11050
1402
23551
18693
3426
18028
20377
803
30593
14562
30460
23784
5546
2630
29820
12200
23277
9264
734
9313
99
32556
3344
15517
31355
4797
28183
25242
22671
1698
27976
17577
17083
2391
19131
32724
2542
28639
28669
24003
32321
705
6405
10721
32648
7249
2409
25018
31783
31792
8658
17575
21032
29718
27054
1710
18058
20943
24868
10916
1755
10884
12109
18324
26889
27452
161
15717
23925
21154
10671
7350
18249
14345
25106
17933
12044
17325
11168
1073
883
31804
14820
9684
23674
19861
28111
23157
29876
27855
14762
22149
19679
15741
335
713
11708
7216
19097
15103
31774
12862
21017
24516
4928
14018
22538
16309
6491
16612
14727
7125
632
3931
10748
19247
13699
26928
8411
16828
1954
31684
20368
32390
453
23060
13238
9486
9341
316
6539
17899
7697
1594
8865
6837
9935
20725
9431
14625
30624
2174
30088
365
3807
5269
29954
19455
14187
22639
28218
6729
1531
2742
7870
20207
16562
20178
31466
12588
25844
29543
607
16242
16247
31262
14513
5456
19101
19625
5728
26777
18177
17153
1546
25027
16975
24306
16862
21389
90
24794
9556
5604
31336
6574
18203
2056
26832
7741
28499
32235
2760
16313
15869
7386
8312
28019
5552
27486
19283
25574
7821
6245
18598
19703
30069
15773
14961
13691
23417
8481
29303
31738
31121
14935
29585
7346
3217
32280
7495
32479
3418
13842
13729
10042
10573
26475
17723
29632
7942
3239
31128
17588
21318
9932
440
14055
12848
27076
6381
21303
12473
2050
13290
22358
602
24937
1053
31693
22279
6505
17727
23360
13669
22635
2345
24307
17720
15471
30185
21645
7706
15603
10773
4380
28275
1559
15199
17754
3749
3840
874
26415
21639
28538
11996
21622
15125
14561
17077
4868
12902
22081
3039
20966
11230
14268
11525
4075
13988
19756
16041
2915
16470
5130
13681
24357
19964
15503
706
28887
16699
10776
9104
5225
32204
21199
4469
2275
812
17032
18944
12897
20116
17641
24655
13659
6443
31438
19680
22314
18043
24299
28580
18376
5921
32180
30805
14552
29641
25721
10506
26086
25690
3030
9993
29167
1902
16714
19932
15908
7685
21542
14503
7659
32634
2473
30136
3111
2486
7273
6240
17849
24995
19188
7425
27975
6115
14776
21353
7227
1475
11296
17246
1295
30314
22784
16250
2761
28759
24115
6714
29121
13066
6019
12625
3498
15616
23752
17218
4304
28133
27476
17197
24735
6406
32399
7913
4965
7173
23519
11092
31577
19920
21963
10983
25307
22995
2655
8846
24061
23405
24786
28854
21827
19873
2662
23207
11687
8975
2704
1044
12768
6690
2649
1264
8420
8586
31492
4484
1452
24813
19441
26815
15415
14809
14273
31949
18385
21758
27835
2539
24213
3994
5230
3961
20017
23860
32408
24400
7657
29069
29511
14167
4575
18132
28734
6481
29585
21529
21914
21753
17315
2052
17846
30801
14559
23495
15435
6711
12410
4689
8412
13113
29592
30660
22609
30890
30227
13610
6626
28149
29304
3172
2870
8242
1875
4194
26572
16375
14765
11674
14235
3441
210
5810
22773
19123
16216
27008
25009
10317
19804
8245
7049
24609
30735
8917
8129
29298
6770
3307
22026
14654
13149
31610
23205
17870
7366
30518
4043
15499
18496
20212
24141
8979
9410
30304
27000
21644
4522
15598
14907
4153
769
28947
9612
22090
15105
17332
29191
1785
15572
32735
216
30674
23711
27321
32220
29522
4287
24503
23299
22196
26707
32017
6905
16904
19194
29812
12037
3717
26078
21496
27697
32544
27121
23377
23467
24414
32630
12617
27243
1126
4804
3438
15382
25690
24134
10759
9506
14311
21959
4685
4156
23067
22252
8408
21222
23159
17154
16984
13669
30022
26106
20613
12762
26157
20146
6489
11951
18690
31863
26236
14388
31969
1479
6400
32138
15741
7259
11598
5313
26293
4709
15200
19005
5736
17686
18225
32606
8329
4195
30066
23648
2422
12297
30847
22911
31365
12750
18833
25439
25824
23818
565
7852
18068
13159
27133
3837
17892
28389
3189
9471
5859
8481
27480
30671
24386
22486
8452
11687
3174
27300
1836
22461
20413
22032
13773
17768
13651
18381
28259
4741
2208
16442
18268
29977
31653
27947
11213
3640
17463
8684
868
16933
9114
4227
5790
23482
3153
10294
825
32522
23093
15693
21741
12102
20677
24089
5719
27613
21437
31029
28214
10471
3562
14604
7385
9924
31292
14491
28120
27904
797
30073
29187
27770
11265
8980
5528
3270
31038
17213
26297
10447
2591
10215
8220
16065
6451
16939
19461
22310
22251
25232
4977
26447
21092
20106
3476
13045
25730
20288
9094
28960
20798
7570
23610
14408
4929
20315
9391
30138
1457
10739
26730
29758
24651
32249
3619
13815
14770
28751
11455
9610
1030
21605
3198
25219
14265
31675
18550
11508
8350
7841
9280
13406
323
16962
27121
19925
129
16352
25675
21856
5457
20833
18741
16031
25825
18187
10345
6320
18152
19084
12909
2386
25654
21309
27588
843
9103
12199
8293
15368
22713
18503
11116
9348
27092
32654
26384
26987
24298
21292
22741
15998
4039
8846
28162
31033
25611
16037
23638
16051
22909
9962
31479
18631
17570
6047
10155
1649
32655
19799
3146
7034
31483
8632
22644
856
26008
25984
17279
23376
23972
7110
27315
6109
24762
31363
24506
10581
28143
21584
31570
21450
3610
20337
18501
15918
13939
3603
6811
31931
14688
11218
9998
6802
14731
13438
11966
26275
21304
30751
4902
1996
28630
24630
26191
7237
30675
10822
19267
26683
22197
11155
15045
22459
1383
554
63
22482
3792
22305
764
19187
17066
5664
12183
7320
2706
15905
5556
14380
5467
12147
3565
26409
19624
6917
31760
23166
18618
30433
391
25395
13958
7159
13335
7759
25611
28956
11470
6138
26338
18258
822
10719
4375
19274
2255
6356
10295
12327
22716
13757
4778
30597
4029
1453
28483
31418
16477
13647
19222
6491
30573
23429
27018
12547
25776
20302
21167
16975
31704
5357
7121
26413
8625
9800
7757
32343
14749
6798
4259
12314
10048
28956
13773
12380
6268
930
5839
25053
11168
25473
31376
16061
17884
9848
4072
10815
11769
26240
32250
4044
16198
30964
20164
29499
18646
8437
26612
22095
27880
16653
1533
6017
5287
20498
28011
11776
19476
5454
18035
26359
6720
28636
22223
2062
10686
11605
3529
31539
21848
13229
5781
26522
27905
599
25827
23554
18187
20144
28597
28219
29082
16282
3694
29669
6233
3175
11308
14458
29291
762
17752
21647
19621
14632
25468
2646
1018
28004
2900
19304
1078
23196
20775
19393
7920
862
1879
17932
20153
14399
15160
21794
15002
23933
29726
1741
3518
13283
26810
3025
30571
10477
7846
10541
26423
29229
10302
20126
22904
30701
29874
30309
18428
21270
26201
12874
4858
25169
9032
2529
30281
14955
21540
3596
24272
30206
17716
17857
13374
10318
7610
22541
27387
30577
8580
5977
29278
8627
12478
20973
21280
29240
31242
2994
4624
26851
4819
1340
11017
6519
27101
13319
14369
1532
18465
4097
6436
30821
21465
23113
12097
8047
18903
16695
258
29388
24858
1436
23170
8833
3235
1355
15834
5517
3973
20184
14300
15307
5948
8863
27908
14105
20543
1288
29355
8122
10457
17930
18558
26617
13876
8686
1583
8975
28599
24406
4458
13127
13457
3709
28683
9056
20374
19904
2702
12083
27979
14174
29382
16278
14396
23676
722
23935
3990
29036
26702
24685
3057
3886
28614
23555
18030
11831
9328
4342
5634
15986
6170
25898
14097
133
26465
10008
4415
1109
20004
8307
3971
28876
24632
15371
15997
30938
14941
17137
9481
8633
16241
29916
2836
15990
13796
32715
8878
17581
22892
6892
18273
24212
13562
18621
18369
24122
22764
1137
27973
30225
16772
24213
13909
23211
409
19699
30372
12737
1420
12727
20928
29305
638
24016
17384
6888
26048
4761
11549
24278
22667
18105
4731
13250
11250
12872
2506
24102
16660
26163
849
25597
16790
29409
26090
2177
15441
25110
12636
13625
31303
2072
6884
29747
8156
28689
22549
24463
28227
26549
3043
10813
14646
28196
2554
9734
25834
2578
25684
27345
66
19237
30474
799
20291
31390
26218
16857
22984
16188
17227
9547
21110
14429
18845
27504
27123
21607
27972
15216
25171
26214
10535
2151
30419
16119
17539
4456
27594
19556
646
8898
23260
1552
28697
31873
3953
10006
17405
568
1893
31789
1305
6142
27650
18639
27410
20663
5931
1946
11549
20885
30937
2550
13073
3806
28876
15096
23745
17903
28794
2438
21384
22657
31052
15804
6693
27947
19209
15759
20169
31016
22162
1200
21359
5979
18641
21427
20588
20624
16876
23153
17735
14597
3262
25003
7114
1833
27271
14320
29017
1955
18146
26048
2691
4758
26616
27889
9431
26147
28404
5970
6905
2608
15543
6287
3829
8552
3788
1876
3794
19331
26782
29109
26475
31944
7400
4302
6522
28368
2926
24486
9462
3724
26347
6490
7839
2954
5962
25207
17367
27763
3096
8615
179
19673
4922
19344
7250
10287
2011
9721
32621
22041
28073
17966
18736
7143
19521
20134
9800
30555
24295
12260
7742
1715
27771
28827
19203
12771
23464
16661
11980
31011
22367
24021
7199
3241
6020
1404
25646
4536
8679
1513
16229
14553
6005
9380
9279
2409
25008
26237
93
1619
21596
31344
2009
4127
6011
19404
3800
10284
28028
32661
8542
31033
10672
24870
19815
18730
27389
538
21299
14345
28374
4461
12257
28748
4202
11743
13887
11350
18460
14233
10721
13632
16180
25875
4208
16088
19412
7989
11589
17642
26925
26813
23350
19903
32754
21728
14512
13796
4877
20788
23047
26924
9362
18125
30217
11512
26353
22182
16601
24502
3695
13635
26875
20904
22231
27029
27307
6887
4460
29470
11635
4775
20259
6998
8188
19388
31503
30284
17957
14942
31005
22160
27986
26409
7425
14417
31494
21351
3440
26563
2485
29330
26512
26307
18387
23829
13997
21950
19761
8275
5165
25551
23177
20458
966
2599
14168
15417
24558
5810
8683
29216
27283
18936
1469
26630
22029
3137
27648
31777
23121
32252
23162
10225
10855
26465
5266
3342
24094
19286
29355
16164
9214
8591
17328
28476
20350
31738
27888
23613
6007
7002
15405
11442
6361
14129
8175
5581
29085
31972
14878
29612
2042
2586
208
14044
20956
26213
24928
19228
12434
16420
6592
23395
13510
28840
15376
5924
24243
2965
4207
23760
11922
32139
18705
28061
6485
32262
15505
3718
13720
22659
6793
14994
13525
20709
20065
19034
31959
10006
1124
13509
30065
32241
1305
19735
24175
10592
23248
8746
16845
10177
30075
25338
22055
19087
16575
27752
25969
21054
24651
25655
3048
358
1641
1371
25416
27428
6354
371
28224
190
6087
7060
22563
8837
31581
24648
23776
14336
31513
7894
27956
4934
29628
1988
25374
9132
24416
5275
23188
15264
5060
7402
628
28117
15077
15501
31165
17825
14798
28463
3327
24227
31152
1294
26640
8104
18229
21758
4097
7375
15378
20401
14672
25836
26332
22581
20063
15915
9500
1470
14885
5622
25509
12966
19236
10264
14629
31922
17051
8482
3835
6807
25596
16397
19528
10941
6304
15138
14153
24386
31674
27671
228
11074
25226
1915
11904
21846
13523
25428
22042
4954
10638
4358
24725
4980
15328
20086
18002
5713
27722
4720
31233
32434
8736
14406
30135
31272
16700
3770
7744
10011
18419
19998
28854
23569
2376
14778
11858
29741
22368
28782
31363
17654
12854
12441
7997
8539
20112
4921
27540
3571
2354
595
24713
2697
6737
28309
8228
5335
7498
2106
21187
18578
16532
32558
30385
16551
12787
3698
19962
7621
6895
22211
24190
22043
16773
19574
14405
12899
8476
15527
30226
7199
4027
11666
11323
8482
17272
7745
14775
20563
19508
26984
12153
21422
21893
20365
16892
27531
17652
27755
31008
12067
2153
7065
4660
13904
10467
4199
18516
4244
30060
9481
30453
11613
23117
9463
19134
6535
14462
5779
29850
13859
20832
18444
4875
19575
6830
9091
17857
9029
3761
3693
8043
31057
19636
22585
27085
2333
7608
31794
28690
31223
12649
15014
17252
25141
10064
19784
11707
16064
14409
15059
18162
975
5176
3568
24608
10997
18424
29530
14629
25182
16276
832
13443
16726
14522
14827
32112
9738
14700
25504
21545
8339
24313
32712
29832
3888
6444
24398
19161
20435
9667
585
27370
10976
24610
30939
32097
23345
14665
19288
5970
22365
27652
11691
12305
16442
16737
502
10565
6304
31079
28281
7486
10864
11269
2741
26505
15573
13897
26577
7105
32714
2003
30780
24231
20701
25736
6804
21877
15666
28299
19399
8048
25802
3177
17528
3517
8965
32659
1444
3445
8294
16146
6277
30716
12695
27254
1462
15758
10157
26895
18329
7706
30124
2400
15350
25684
20302
13521
22756
22278
9472
2980
10477
21670
8494
32042
21101
19758
2752
12343
11835
3624
12517
20435
12683
5384
17423
4146
12051
23487
16447
32743
13165
21389
19586
31060
189
535
13243
18533
28051
29881
23204
22654
11027
32285
22288
32433
13907
29197
3187
13365
30980
21381
29091
21779
23893
10509
25568
14115
22804
27461
11027
11575
13334
16834
4947
19094
3546
536
16301
31404
26217
9528
6693
16639
11904
9981
1272
13669
8945
1025
12580
4213
30535
18869
15914
23611
5033
27825
1811
7472
27137
22856
16561
1896
9821
29280
19751
5134
16021
29312
26796
2830
9518
25387
5003
21777
9086
7789
23918
10670
7953
3763
30173
28126
20044
8416
9730
22193
8272
7324
6063
9280
23585
22255
3490
2275
15112
29456
28935
4260
565
9591
22590
7411
24489
11577
27359
18587
3667
30613
18171
18420
1401
8650
19365
6490
14170
19756
27825
6623
8978
31095
29628
21053
15805
22883
21101
4111
30431
21881
27129
8000
23556
12580
27629
14275
8099
1547
14376
29572
1864
2462
23590
24735
1266
20719
6021
977
32698
1732
2497
24363
4022
18410
27971
20750
12573
6604
922
24403
12972
12100
5896
17098
25416
28592
13632
18150
17124
29769
1902
20918
15013
28592
27512
10263
8260
13258
12931
16937
2229
18894
10426
17407
11782
20636
19018
28315
27785
5457
18865
7449
6965
6680
19257
8746
17226
32579
31167
6596
31540
666
22713
792
26802
2290
30584
14021
11831
26114
27050
3403
18321
22131
10530
18882
6600
24630
17628
7372
14921
3354
315
21448
12611
13214
19862
2120
15186
16899
13043
25541
20059
16294
8210
19346
26039
30861
13998
2319
22931
1856
32255
16927
17814
12506
7811
21980
17093
18271
2814
29065
30884
1616
15040
29127
18846
7549
22822
25612
7847
24091
3683
15442
5664
15894
17792
4876
6651
9641
5026
32606
8479
15147
9356
24973
8206
8492
20580
12725
27845
23232
16058
9914
6628
18971
15046
18816
3342
32094
7409
18527
21651
15793
28056
7889
76
5266
9484
25966
455
15212
11485
24091
22436
10604
1624
4222
2111
13200
14926
2741
12176
29441
30231
6727
9295
26018
31191
4442
30811
31977
15360
27687
22620
3822
26136
27308
3751
24001
3773
29344
11619
10497
21734
19884
9194
32170
16491
6104
17266
14383
3016
29252
30445
27849
15134
19992
12846
10766
9338
25533
23628
18885
19802
10830
14667
17401
16749
25417
5881
14412
18075
3723
16663
8590
4677
23163
185
26510
25550
25733
10992
17200
10330
24010
677
10432
3029
26645
29128
11398
6968
16145
23979
5531
23559
442
6824
4859
32030
12306
17162
18138
1198
12565
29995
7228
8067
29934
15577
6848
30088
1899
11262
11452
10124
9903
26240
2959
23110
12839
9575
17971
29335
1471
30014
5650
26384
5461
13243
30235
19124
23661
4258
12308
29951
30247
5606
21554
27431
29039
31505
20199
28321
13684
18407
4347
21735
2651
2630
32222
3193
6708
9041
5181
29473
32301
28622
1235
24956
11269
20427
11138
4022
22468
20872
7842
14229
7594
913
18585
6073
2149
12843
16299
15394
18311
5105
20500
12274
10806
10687
27732
31860
12837
21967
30667
6494
21188
28194
8069
12883
12468
20002
13655
26028
30078
11141
16683
24696
2948
12916
15512
31681
22072
11501
11446
16146
14987
14694
3632
27701
2985
21683
18330
30785
12259
15145
5637
5589
4588
25860
10193
13470
12873
8710
22979
6687
27907
6241
19031
30641
18335
10967
14168
8648
23375
2592
22957
19577
12138
30092
13174
28985
6170
28393
1112
16872
27989
26023
22548
19726
11790
7482
25439
14180
25516
21184
8942
11926
22971
26084
28880
31047
32225
2306
1024
18517
31764
15500
3643
11615
27403
6572
27663
23173
7410
12330
6965
3951
26722
31633
27424
22417
32144
13197
7126
32173
7109
31640
24319
22681
15118
13781
28475
21826
32308
32060
12729
25073
238
2808
5638
7885
22102
2829
10274
30626
19354
9278
2265
2784
17140
14126
16464
487
15068
6341
7903
16001
21884
19413
8222
432
29796
32254
1091
28587
15487
19407
5035
5411
5701
4141
16566
20938
32307
17145
7128
19478
14712
10989
19949
21058
17138
26311
3277
19607
1112
4522
15905
9449
12217
1729
15477
18276
19749
2085
29326
8329
20650
19713
16637
15475
19586
15092
25076
27487
5002
20150
16217
3947
24566
30719
28441
30622
21059
27812
18879
27689
23662
14083
20293
20460
28004
930
20009
31548
28857
29203
196
13284
30364
27931
5336
26217
6155
19987
20840
1171
27459
20365
20172
11560
7291
4923
29956
251
32465
16141
13389
18725
10629
30106
11250
21139
30053
11713
13157
8897
28296
11664
31118
27076
3647
11364
11875
21902
20809
24658
27321
10862
32326
31430
19033
17622
12398
22634
27735
26721
31363
26698
19871
20
13828
3637
12753
13285
21156
1126
3663
30585
14843
100
11156
30258
7034
7974
28871
105
13476
23675
3471
24056
27003
6569
30250
10748
16697
30548
26041
7129
6977
1698
23262
24958
12373
5533
17033
28394
13321
6873
17679
26350
10872
1110
27005
309
17973
28071
811
4483
25221
340
7572
5178
28107
2430
23140
25634
22595
29633
30163
32105
23283
19551
25906
29161
10975
29850
17347
29354
27773
6241
462
4776
31592
10031
2545
9942
23128
21553
20664
26466
24402
24999
622
13883
28700
15244
17202
11985
25332
9593
13645
25372
22401
32711
14786
27103
7178
26612
7975
8750
29414
14407
12980
20526
19508
10935
26522
30492
18380
8970
2197
5264
4981
25658
10181
8451
31064
13596
16570
31119
12980
14403
16590
5879
21204
31523
27063
13799
24126
114
16988
21629
25134
18900
2536
10503
8258
9398
24861
30223
8823
15994
7660
24469
19284
17365
32066
9627
13925
3958
10020
26599
31979
11241
14590
22276
13010
11450
19000
30346
12259
8925
7947
21663
31035
12365
32147
23230
24316
32500
22821
7095
8770
7883
18402
17143
14169
3906
30348
2314
30765
30690
3737
20830
23297
21553
17030
21834
356
5846
29806
78
13153
2045
10971
24989
6903
25341
18396
22232
21449
30520
13912
21533
8981
20547
417
27968
27626
10568
2892
1112
13206
12200
21313
16766
19038
22756
1550
14289
27763
20413
17793
23486
28449
15514
24437
11902
20040
27947
26348
17119
11792
8012
25438
32584
9433
29484
2641
16631
24945
18606
14122
17550
394
3087
5443
30670
11371
13770
12349
6306
17893
440
24216
17759
19849
8572
14976
25162
15896
28190
7402
30811
315
23798
20192
28992
19316
15308
25881
21669
29781
30781
31181
27315
7920
30304
14535
26582
18062
15018
29116
1476
932
27407
9435
11707
7426
27498
15781
6153
14670
6431
28671
1234
17585
27135
27526
29198
24272
29292
22818
29393
25854
5821
22238
3023
27823
27620
26103
14623
16944
2893
32562
319
16278
24074
16755
14681
4085
9006
28300
24260
13010
13686
10835
10702
21466
21551
12279
15801
19156
29523
29076
6659
22484
22262
22020
12523
28593
32224
2297
18224
11450
8060
4424
284
14245
16625
8584
16577
15560
9614
22236
14723
16780
7787
23053
23766
28190
32077
5852
1097
8039
11979
32150
31940
21823
16303
744
22285
20701
20895
20981
8593
30610
17149
25766
28514
19896
3595
30273
20604
7653
9043
1086
8012
8292
17222
20822
18291
14053
6947
7900
27079
4211
10522
4176
410
18855
11186
27954
28480
23835
8296
13588
3019
30754
5528
14835
10777
1974
21409
13511
10513
4530
8517
2137
31529
11842
10062
9813
18219
13719
14199
19104
1594
30175
31369
235
17168
1396
18885
10377
24201
1363
14210
27261
32101
26577
2839
21976
841
3977
13307
5698
16136
23193
30763
30934
11297
28174
25036
13107
28041
21916
12306
8399
26026
19347
20320
27279
4011
15630
7345
19605
32242
24173
30774
28250
8679
25606
27456
252
16635
13080
25953
6105
15082
7936
21710
28508
1340
1712
7688
5655
18
26204
14012
11282
2079
12662
26599
11363
27125
2269
31549
29951
6786
8530
22476
208
22746
28203
20957
2056
7479
25675
12827
31412
31037
26961
14327
2452
19843
17168
6986
12586
30800
6976
20796
31505
24994
27506
6246
27024
2165
25930
4147
16751
30017
10984
24460
9737
13765
27559
11956
15267
17923
14602
30832
17404
2700
10227
30316
26917
16381
4630
11482
10899
970
2990
22876
8307
23098
24942
18724
2365
21939
12987
23129
21900
17208
31768
11453
9773
48
9698
17806
28790
23913
27453
10922
15577
13148
11598
14582
13241
2995
1707
14847
27771
1032
13071
31970
13025
19952
8019
30314
13971
28728
13721
11385
22783
11630
14795
28841
3427
13219
19012
11826
32552
31088
22732
20239
29298
27703
12234
31836
4853
21419
22453
15875
9482
3731
28876
15767
19714
3275
21767
12416
24762
10891
5709
11609
30575
20715
11495
28822
11220
32679
27189
21610
17506
9248
927
32744
13808
24996
18895
4456
13443
12015
24605
18476
18023
27890
2123
28995
3455
23251
22131
7086
15065
2868
24893
22466
24709
16056
16981
1485
5544
18371
31517
30716
8396
23426
4511
27516
7290
29740
31173
7392
18955
10375
7884
31683
1723
7341
8438
16814
5887
28688
7039
28732
15385
19644
1747
31355
18409
31708
2814
7574
8966
9088
22116
11441
30989
4509
19634
21525
32569
14421
8724
6029
2356
16249
13993
4111
24621
20301
17972
11423
4139
30859
16404
31345
8097
23978
23414
14414
25922
351
15305
14648
28694
24165
14706
23121
13774
11386
8897
4089
31573
30378
2340
20023
11175
26319
28315
20570
4326
27225
26476
992
9131
5195
1048
6806
25754
24710
6029
2049
29753
15434
11677
28157
23810
30714
17839
15524
17334
1567
9653
2417
29173
11184
22878
24997
28428
1425
12684
7146
6926
1881
22536
27959
38
22360
19317
17651
20011
11225
22402
13405
13429
3492
23908
25899
3567
9159
132
25457
4974
27798
2932
16069
2113
2033
8488
18081
5386
30405
3683
26121
17612
29653
20335
25197
22596
18875
7697
464
25469
18985
7100
23594
27039
19061
27653
23563
27399
18773
21335
12930
6557
8679
11752
16957
10082
28660
21227
17905
25417
2421
14344
13821
6216
12630
26889
12618
25262
26491
10198
28021
28599
31233
18595
29232
23390
15302
7784
9189
8306
1067
2961
24989
20204
23576
2807
14881
31872
31809
17680
31838
9074
168
1378
9998
25515
30051
9278
31637
23052
8352
14506
14377
514
11750
9887
15670
21851
7838
23925
8705
7768
9169
23195
31883
12291
17715
17547
24760
30914
31073
12797
23216
9005
4967
29019
26758
14621
10629
25718
14104
32005
22835
17527
9782
28038
3170
25112
22534
10045
9221
13844
20390
6368
11216
21979
25364
15753
31551
8331
1099
20817
26587
14364
9647
13345
27833
6874
15787
28357
27459
28953
11673
3650
26938
25380
4066
18794
28668
2934
12646
9389
28931
22829
14878
2098
21423
30395
18687
31783
4165
2271
1826
32597
31799
22996
30243
11255
11174
17608
32199
7884
3109
30095
31969
21611
7360
20633
24950
28887
26429
5921
3103
9555
7841
7080
687
10359
1782
6818
13846
29828
2636
2927
24453
16373
7934
32140
14547
25686
25398
22027
5152
10073
4531
320
5816
6695
13258
27838
6969
756
13483
23938
32505
1238
14822
30317
24226
31191
25902
760
1567
13129
25436
23075
6076
5209
27831
28078
11912
15079
6770
22924
32766
10901
13686
1941
16613
11806
25186
15227
20853
25322
20176
6911
29883
8927
17371
1636
5951
16505
16862
21796
26851
18717
2429
19171
19982
16810
13802
22689
27658
4434
19553
32307
21675
3752
25845
24564
5426
25337
20623
25784
11376
14304
24628
28673
11311
25365
12678
3190
2509
1158
9358
6800
25130
19113
24248
22423
13509
20752
32543
20685
23073
19774
26635
5865
14702
32185
16824
17862
357
3936
6746
13405
26740
27903
18269
24817
14363
11553
27633
28041
10134
4645
18630
16547
18876
20628
14612
7719
4647
4018
223
19610
13717
22611
20601
6804
27022
26096
8520
22644
18247
3578
20425
6738
21959
12654
5845
22069
32584
27818
20516
12934
30176
31103
7695
6341
19296
30599
25242
24699
16509
3769
10161
9840
3885
8250
23730
9245
13396
31094
3372
7012
31904
15728
29927
10879
22705
30806
5412
7223
15486
4441
12069
2134
3572
3772
18416
22622
26336
24618
6481
1147
11790
9036
5150
7351
19378
5787
22462
29293
32008
11891
17132
30208
2872
105
441
7372
27004
30943
15568
25437
32388
3798
19966
16351
7450
27139
7666
6358
28674
12068
3905
5136
23844
26260
6829
20951
9197
12573
166
26731
15090
16142
13329
13231
12502
15758
25161
19746
5230
11824
15459
16401
10276
23752
26039
19979
25753
26492
11163
22422
3727
3358
27250
15648
25605
13753
17382
19512
9379
26985
2673
3326
31065
10608
1570
984
32580
24455
30366
15207
31185
22386
30309
10938
28708
30423
9046
19393
14779
10064
12406
30212
15950
9919
17645
20884
27898
12770
19537
30274
11935
15655
7207
2832
22407
12225
4775
31205
23624
21755
4800
2949
19947
30668
348
32703
24909
23724
10213
30185
1478
3495
8200
14729
20233
11440
11449
18261
13899
16439
9335
7774
30376
11774
20689
12680
2242
22568
26409
3389
427
4243
32440
1378
22789
22119
10194
32650
23143
4591
2155
11626
17923
17064
8667
19342
25734
21400
9182
14410
4672
2529
28895
30450
1413
16790
14198
29517
21587
27853
17711
6472
32052
2294
30349
5352
30566
32363
26702
20098
3642
7752
19953
30510
3002
12924
4470
14713
30350
21536
8293
25178
26401
31752
2577
5736
14335
408
21278
26441
5506
31705
8769
23918
12461
14540
10823
18941
6488
16127
30041
29967
909
3421
30078
31772
31795
3402
32353
29875
20713
27376
3157
10095
12085
18387
31894
30502
16094
31660
6865
18531
15254
22388
10215
32023
20956
7871
15855
22667
17185
11083
13690
24473
5418
28377
28698
2332
20661
18235
11301
21157
4959
22703
17846
3440
30917
25195
2293
30614
7914
16761
31128
30083
18905
5573
13226
32683
27275
15733
18827
6265
3338
6776
17209
24200
29143
22114
8909
3862
22153
6263
4681
3254
12728
25093
7824
15940
26137
1272
9142
23070
12522
26792
20090
29073
22417
4341
22289
20626
22656
7062
22822
1455
9051
10158
27934
9797
7261
23456
26272
8946
28408
32037
23637
16461
29627
20380
23788
2005
11641
11425
30050
17704
8616
2784
27776
25462
4103
26411
22437
16180
19844
17355
27845
16405
18012
12820
13746
20278
27524
6717
2202
32152
3912
13678
27089
28372
30002
28185
15057
23562
6445
6798
23168
17179
29162
17866
6833
5656
12931
31376
12012
32506
20318
17596
30834
2963
19029
23763
21372
21956
2579
12766
18884
31729
16577
17785
20038
32178
9699
3623
26184
20683
1916
21480
25496
16991
30329
15118
5141
30816
4684
29004
2672
10058
14296
12560
25652
20497
6029
3858
12548
6743
30420
17965
24356
7907
8365
30063
20796
13903
18838
1132
344
8192
27312
8663
21810
5468
22557
4179
1972
7478
5804
13702
19385
13197
13496
8047
3092
6519
10829
29690
27859
24920
1165
32466
29125
2903
24658
20855
28217
17939
30741
10640
8713
10129
18703
4482
10199
29306
5021
28481
6295
15235
15081
30055
2125
812
18375
10883
16408
6061
4829
31411
22896
21293
23047
1909
7852
2614
17658
10682
21703
15974
7463
23100
21091
26983
15586
29714
2062
29729
31171
1409
24005
11821
3660
8982
2486
22925
18125
28913
17482
7835
30085
22116
32099
31808
29194
4029
30435
2150
10219
4703
26733
5296
30867
30488
4207
2920
29808
24238
22112
6329
12117
1211
25158
29726
13341
29883
19836
24090
23442
5476
20658
9770
2701
32310
4917
19704
7006
19282
32625
5841
30317
25487
16564
8793
7714
25803
20020
22397
12803
10879
10068
17066
11548
8854
9507
12348
25508
25728
1317
7226
989
16002
4439
19008
7740
11600
2413
6588
30922
29149
12638
27229
12746
14706
10530
9417
30108
3070
29114
15247
19425
29869
17266
14428
16352
6331
6499
10609
26665
12427
5691
852
4471
5875
9793
19142
4315
25306
659
6902
279
16134
31154
23540
28488
29743
8513
15720
15049
22872
21770
18820
11347
7775
10050
9271
2153
9426
9742
19108
8435
23300
6726
26322
10793
19808
9080
2981
22194
25086
21808
27917
32525
29300
14710
26749
22577
14319
23705
29087
32112
15746
17963
14150
20897
19645
845
5284
31614
2178
9773
8893
331
10772
24268
32283
18361
5233
4357
5315
30729
12770
3019
4201
4468
20432
17842
12512
10699
27865
17072
10964
8539
11555
1829
24251
19987
26864
15386
31753
25065
2419
26822
25763
4217
10211
25943
25751
14319
8909
27375
4618
4392
7598
25836
26994
11028
7873
26476
31237
13663
16150
28432
13936
24144
8420
19969
15821
18417
8224
27185
12495
22640
29006
12516
26432
27077
8856
25454
6574
7317
13085
8510
21345
21078
13451
21275
16528
4789
10992
23470
11476
24628
7885
12609
17884
16408
5485
17606
30307
31106
25460
23067
27999
20444
3515
13708
9595
15478
11355
17050
200
27505
1032
6138
19631
32733
18849
31969
16939
25374
17412
21375
22069
9108
16423
3273
28287
9851
2917
2428
20068
12559
26645
3167
20511
3316
12385
8648
15932
19414
6998
8289
24909
28237
22583
10028
5598
29187
29719
15557
32427
2840
15782
29672
10000
3269
6988
14642
10688
17728
1908
11820
12218
20704
10027
13701
23417
10370
12009
5279
29803
28459
2478
20046
26277
17135
30289
6876
27349
5393
3861
8528
27256
19819
28542
21999
29773
15632
27747
8708
21769
9265
4675
14557
10316
20285
24029
15894
30164
3916
25338
8474
12017
4542
21902
20966
8248
23327
10495
13072
11132
26958
14789
27912
24058
16607
13619
1695
14036
27069
13204
26309
12737
7956
14458
9111
27138
13934
3411
17049
27032
540
10813
20031
30900
13015
8476
25779
367
31911
16105
9170
23483
772
22349
5751
5529
20539
28270
1789
2957
23572
13577
23295
25935
26034
2753
23650
19140
9402
31414
5014
25900
5560
26202
5912
157
26046
21120
29756
25008
16718
2742
5417
9082
2681
3797
18469
12734
14921
32470
19475
13152
29021
30951
1593
31005
31699
7614
17735
17530
19563
12078
13717
31482
13032
31992
27309
6548
20922
5091
8713
31844
5851
25359
8990
20129
15351
19334
24729
14031
4559
19988
16104
4918
6879
19289
9212
23186
14654
2588
13389
29964
29639
30690
24863
8553
5750
22463
11268
14978
12820
21357
17315
28916
16151
8859
23991
19736
26564
15495
29275
3382
15766
18383
15492
13301
24035
15493
9167
23318
18877
27777
29565
7778
29975
26107
699
13025
20776
25689
12839
32333
22037
17221
25233
17094
20426
10243
18686
12999
29224
21761
17395
345
30822
23472
5616
17031
21425
8339
10554
12305
11542
26006
16605
9829
16034
20128
15090
28106
18376
5227
18462
9183
8450
22932
15451
22852
12987
21998
23803
14231
21357
19484
20458
17314
20743
32095
4147
4050
10641
4012
3013
29419
14098
6658
20088
5883
21170
19194
24139
29837
13084
23968
11503
3614
2598
20609
17034
32725
9652
4869
1461
14190
6105
7423
17606
26744
10816
9347
25685
4288
8395
26104
22265
8461
3961
12909
16979
7693
18317
14385
30030
19856
8173
14749
5028
17396
7368
9781
6821
26080
14971
18928
9012
12854
24502
1747
1298
26690
15066
19652
16223
24120
3750
17310
19037
7133
12819
23425
13944
3460
18300
14188
15491
25404
28418
9741
9029
28744
30767
7383
7732
7887
22234
26966
2432
19413
24394
3263
10067
8042
3486
30156
16984
13601
23659
3270
22906
10436
28328
17891
14574
23366
4295
11731
9331
1017
21797
9366
30424
25089
20388
14992
23231
8713
13462
25567
162
19509
24286
30188
30227
20055
337
9024
584
30309
1891
27034
11222
28971
26879
9790
19389
8509
30134
17551
20901
25136
23324
15072
7527
3081
27247
18824
4559
19190
24954
12340
17569
7996
15033
19842
28633
6513
18622
23755
2103
9963
8403
17983
7419
632
6369
13624
25838
7503
23697
26824
7329
5191
23984
29332
6649
1351
9176
22502
14571
22782
16205
18685
1413
21716
25381
25256
18222
2336
27308
11795
20782
28571
19974
21216
15473
19989
18966
12153
28295
12646
16287
19365
4592
5288
3497
22874
25495
2211
27431
14291
31132
28553
982
11489
26454
8420
23656
18566
25241
2508
16866
9920
20020
7517
18499
931
19902
10600
7270
21930
18067
25449
11561
25167
29209
16825
28623
217
25928
29957
17315
32630
12649
5631
14558
24201
541
23379
16075
22085
23714
27613
32041
23163
25682
8473
23761
4272
18540
19931
921
27763
16151
23872
18295
26094
12708
24036
23786
32442
32276
19797
17557
2296
29146
14280
15405
25757
25058
11
13974
9997
977
25531
8009
24812
27791
4023
27897
30256
22531
22740
18294
15483
7709
27859
17617
21417
31002
3984
449
27812
259
14459
6469
29312
119
9292
16267
18884
1707
12019
1041
6661
23215
2510
32522
21946
13299
8735
28163
29771
23561
19389
966
4715
7596
1034
28543
27816
9474
24868
24349
26688
13598
352
251
7735
22217
3828
18624
7334
25730
11251
31620
21078
6083
23167
18228
22669
31622
13626
26935
3880
26632
3069
10321
16106
27597
14541
9672
13844
17892
16650
18886
4918
21868
5866
20223
12868
8791
3878
12691
28652
25454
24307
1334
14119
9621
13876
30350
3343
30801
18926
31708
3824
17287
25340
30943
5793
10887
17668
23030
30997
8264
425
27268
4909
4341
3074
27288
6352
17577
8267
10190
23102
24440
21467
7536
29601
8878
24918
24545
6886
21339
1316
22332
32714
27151
32290
3384
29240
28642
1687
4687
17106
11447
22889
15903
4558
2754
6033
20240
3
21320
8652
11575
30275
10406
14995
21626
30444
24981
1102
10741
11706
10668
12229
16541
12767
2855
28375
20771
11862
17894
32622
26908
25716
6073
25266
5470
15552
23002
5245
2989
23044
6075
22287
6039
25252
770
26372
20124
29743
26834
11139
20370
30004
3149
14007
4424
14679
2647
10883
1130
11171
10908
21873
3236
29474
16852
7148
5386
17835
2374
432
17336
23804
3978
26494
4277
16905
9876
20756
17438
25235
29422
18268
8064
9467
69
10980
13957
28249
32551
2702
15059
20169
4107
21129
16177
18437
16274
26495
13803
25145
6156
528
11896
786
27710
24192
5723
15128
16227
5292
327
32063
28272
11331
15494
29880
32412
16690
12700
27917
13600
19552
23591
109
23611
25756
22281
69
22906
3028
17609
19472
31030
23687
5943
2671
4958
11132
31311
30844
28023
29109
26208
17243
32224
4767
7534
8211
29787
21131
6100
5532
11209
4449
9261
11578
26933
7571
15989
32009
3092
13137
25196
16600
5067
31740
23867
30010
7794
8668
25178
10459
17624
19477
26545
30737
30663
5847
3326
26291
17033
23510
4726
3118
5802
24314
8879
17877
1280
13143
29629
25465
2025
27743
924
570
17108
28502
29646
2460
23299
30983
18500
32478
19855
11190
3458
8839
26284
14677
10751
3137
15918
32251
24266
14570
23884
7825
15219
16105
29092
32719
2345
7358
12672
10599
28960
21981
21848
27007
25142
20925
19096
19557
31189
12588
930
15486
29723
3557
2327
24192
26424
22628
12371
32225
19992
18425
6966
7568
9795
4380
25898
226
9473
22016
8545
16591
18369
1387
3679
16734
17339
7108
8889
7006
6357
31342
22300
20055
19395
18772
20880
20160
2931
5829
22014
17522
17832
10627
8176
3421
28389
14614
2457
22650
396
102
9237
27904
30791
24201
9458
29147
18343
31194
19694
18778
6923
6475
11266
21800
22724
10236
26272
13949
12662
5900
24634
24213
16065
4527
28419
866
29985
14208
31993
19582
27923
20761
14883
19555
18298
13025
17431
6622
12608
16934
26304
7617
19008
20588
23134
26841
29540
16644
8910
9759
18442
11488
29708
32050
18093
30885
16374
30981
27841
4354
20819
18133
18910
16705
6163
24927
20001
22555
2776
31823
22480
3793
16822
17403
17468
26232
11831
17745
2028
28564
5283
4622
4599
12265
10878
30002
32434
6798
32337
19376
23947
20035
3246
21865
3637
3588
9838
4699
30982
10207
3133
22
9885
15874
25433
19312
31431
9752
26518
19066
5796
21206
32422
21171
9733
31696
4247
16251
7193
30610
18845
15562
9033
31724
10514
10785
17504
14477
443
10689
2287
32723
20301
12316
7408
29154
1327
10121
13225
24052
14978
31803
13267
19952
22367
9332
28412
28733
10079
30966
26666
21464
30049
29115
28097
10916
5255
6885
2726
1538
31362
22008
4773
16802
20240
15175
19984
4249
5314
12204
2217
24755
20227
636
1986
2058
18774
10170
11171
28887
25567
25227
16428
14217
2341
29674
16572
28436
12566
8605
4945
32652
5452
10600
32496
21234
31374
29824
24903
17486
13210
8002
26513
1277
16673
10533
20154
27725
13076
24814
28355
25927
12062
24867
5481
28364
16498
12481
29697
25060
21702
23601
9383
29266
2719
6777
2711
7532
13520
21168
4571
31529
14141
5556
4647
9596
8421
24607
22785
10720
10016
14454
7972
14644
26148
32164
27943
2506
2766
31143
13146
8123
18848
3210
6385
28541
18182
915
18020
3767
21725
28861
12053
26451
10549
5736
7732
8405
29270
15184
2783
13292
27650
31420
30606
23623
23034
25848
24751
23722
3012
1028
32397
18753
19882
6286
24182
19508
27398
8990
5917
6267
9661
3473
7229
32500
18186
2248
30079
22963
11645
29345
23710
16793
31811
22566
1737
16936
20391
26629
7497
32661
6873
26945
10595
799
4846
2598
30592
8608
19241
7042
13707
12386
26233
3090
20635
31795
578
14395
21970
14012
15968
25082
23173
19982
1642
25886
12188
25214
51
31669
25660
20147
17303
9924
23460
30205
16244
3899
31317
19688
28662
29479
11894
20498
18968
29482
22390
23865
103
21544
20723
8856
1289
2372
9435
6260
27903
6667
10449
14578
6311
14574
2770
27179
17797
7670
4376
20098
27970
31155
4414
28470
5621
5238
25254
30003
30626
28096
20504
25646
6912
28665
19627
3056
21888
3173
28649
9202
18058
21333
32046
17707
14858
23706
31313
13862
5163
5183
6534
15703
10850
16248
31363
28079
11695
19925
1762
8558
2592
19131
28103
5945
24470
789
706
25964
30667
13127
1015
14257
23956
20835
2940
2770
31076
18336
12290
23243
22290
13064
6328
30500
30940
31344
2156
29053
23467
20909
9203
23147
4249
32005
30668
16514
4016
26852
256
9651
10228
27088
15692
24281
12452
14495
1666
4494
24510
32488
15661
17475
27073
1975
1652
13456
20150
26757
8513
26568
30833
13927
5794
10705
3605
7045
18799
28210
8406
24782
10541
18286
5635
16362
3122
26769
29251
4464
29962
25864
27167
11098
18202
8885
23488
950
11907
12867
5626
27550
16201
439
4234
30313
4021
7496
31132
24867
20983
29297
15505
3643
12560
18756
26110
27004
29935
26625
2296
18494
12762
5351
2447
6622
1808
27210
28824
31851
12461
12518
11440
2466
28877
13427
25725
28701
5108
18042
15927
11463
5294
25446
16487
30867
8818
11742
12271
15982
4044
13394
3915
11634
27580
13524
8982
15196
19033
21290
8144
11072
185
29985
25822
27771
22549
14628
26834
26090
31785
15116
15085
345
10458
6970
15842
2878
23323
31715
32733
15016
2321
26796
21444
30066
9589
23671
4029
9404
29243
22908
5360
11675
26225
18331
1166
25104
11113
3312
17938
32311
29978
5289
17095
1473
14788
14356
31370
5540
3283
15868
21969
32273
8454
25654
22764
14503
13776
10103
7307
3814
29695
15721
12161
1254
32155
29949
17863
23625
13585
28930
22724
17262
32656
28919
7371
1255
1716
7197
28646
19246
15714
721
9682
19603
11251
18969
21834
29561
18324
13693
2697
22210
22764
792
778
5768
13824
19950
22162
28942
21332
27264
12656
9206
28755
29086
1027
28084
25329
28029
19326
17218
18063
23817
22504
3605
4639
380
13159
1617
22920
10800
3773
32057
15948
29361
22291
11241
21352
10007
22774
23111
30844
17043
5279
29239
28715
15431
10103
21262
13765
5723
28378
31050
22051
25421
18459
20096
20435
13704
4553
13717
15990
11577
21041
10033
21861
6238
10020
29297
28059
22815
25339
30172
10959
1634
31447
25753
31712
31386
10798
27615
31350
17631
28547
19628
28135
12356
18036
15802
30039
21861
17146
10671
7460
27199
29165
7571
25473
17477
8902
31624
28768
16560
32425
17845
1174
1814
4259
5508
25657
23102
9008
4877
16461
27443
5888
210
25504
25239
5882
12204
9971
5178
19842
28421
28762
4331
32503
19784
16870
2702
11648
15510
7040
15983
10761
28603
13336
22998
13960
864
19968
3292
7557
18305
10898
16252
25305
15650
24857
7405
29110
7230
7407
26927
27623
30209
1762
21733
32345
18231
24028
17250
24283
3843
708
14086
22306
15828
31647
22475
272
4245
12795
18459
6198
11300
28813
15333
1175
3334
25625
1519
686
8025
9106
3950
3251
4873
899
28116
26907
16455
14509
2793
606
12343
3569
4893
27644
7657
12657
7708
14530
907
23795
17828
1609
2013
23942
7827
25025
24549
15975
18501
27116
30947
6949
1564
21101
32391
23812
5984
11331
4450
26527
16714
6033
16795
30930
16219
17056
8675
16343
3570
23078
1706
28591
17182
20169
17811
20676
27057
5087
2342
5580
4758
15224
3270
30704
4196
5022
21730
24110
4402
10459
14191
5116
2734
20988
18581
21294
11369
10517
32680
9497
19573
5573
10331
24313
562
19643
29744
15760
25445
26745
16435
25616
6026
32600
25320
16955
13676
23245
5762
9673
7922
13290
21333
31498
20284
6440
11918
204
20206
24931
4386
29567
17100
20518
23300
29591
18568
20265
18075
11058
5591
24856
8307
30459
3530
12694
10035
5710
16476
26242
10191
9885
2120
5753
10750
28178
15133
2204
16623
14709
8083
8595
21559
20817
7712
8658
29967
19026
24519
6426
5052
13554
20273
13123
10574
28756
12286
16954
10637
9328
16477
10566
20785
10097
6362
3471
9297
21083
15992
28640
12574
2289
6912
5036
27345
30934
20376
22351
12514
21490
5527
24983
22139
2583
8600
18563
15916
17893
15566
5450
24032
12523
2199
18847
16144
17166
8275
18996
20278
8495
3446
21117
5253
20232
16860
21942
6871
14423
3165
28967
11495
21823
15266
21415
11712
28139
25398
15967
9845
16756
30432
720
23571
5125
12337
8728
468
26685
29273
29040
23445
26580
8255
26618
25738
16258
6352
31162
20017
29212
19862
9185
27524
26369
10125
3666
23667
14260
11827
26207
3473
202
9439
22227
24590
14855
4691
16694
3557
22980
26260
7244
7766
18323
13050
7135
32407
25126
10371
1470
4807
7277
20588
22534
21283
30207
13059
9376
18812
21179
24759
17931
745
30127
4465
20828
18873
9017
20007
27011
15275
11883
22702
22479
4194
30132
17871
3509
9235
4797
32158
29645
6785
16786
5639
10781
11819
17154
15274
7578
32707
15944
7401
5868
31203
26091
2878
9842
7420
25570
18130
4486
18319
20732
10316
9474
20127
15231
7399
4354
31334
271
10440
12780
15175
32722
25486
27310
11012
25298
9002
29767
11825
3491
18673
18057
18920
27461
25839
32285
447
9291
9087
25543
20983
61
14617
30955
6646
30268
16490
11601
2807
12516
16042
8741
28417
2423
16938
7746
23573
15927
20268
6064
10156
26643
3832
30314
11873
29574
29996
29797
17386
8381
20308
16079
24396
20216
29370
15508
22351
5938
31872
7719
17200
31236
22507
6783
21399
9415
32514
32096
14280
4601
10584
27355
25373
2273
23846
31768
18100
16502
5788
6483
21349
10622
31097
13605
22519
9203
16602
19717
3987
9130
24911
21262
29816
2103
4404
25859
10993
11275
11071
29840
6276
28383
8021
17618
31597
16214
26018
24858
5707
26589
10216
28910
17432
8918
5399
3409
2142
14839
4895
31557
28584
13548
17154
28557
21559
23364
2861
16311
23287
3466
7176
9306
15538
14770
8908
28829
12162
28344
7829
25336
1164
21379
3000
29503
19947
1295
22870
16860
8427
8139
23857
3163
18552
30784
14783
19245
31702
18164
27261
23717
28050
19342
27270
24903
18104
11066
10596
11586
25158
3663
16934
29499
23777
16688
10418
3148
19655
23664
16733
333
13829
14393
5817
14674
3818
12014
8622
29044
26811
29455
22477
25045
4264
31837
29664
13278
15615
20543
11462
11723
6816
10597
20094
14186
20145
17067
27009
7199
16530
18752
3157
11820
16403
14855
15199
12079
23525
11837
6905
8684
31823
23389
32708
26957
5666
19008
22847
22695
2543
2441
10905
6463
887
24384
1476
2317
28003
15805
15563
30400
19766
32712
15717
24322
7039
12286
19146
3836
27731
24439
2501
20509
31738
20389
4875
279
29673
29567
32715
16427
31728
3039
9350
2727
27573
25385
28193
30125
12385
27694
5433
25653
15001
18512
7094
24149
2224
30950
18595
28097
8475
16354
5693
9102
4389
29617
17993
11067
17380
19042
4267
3825
17771
24587
8245
4362
17985
31848
20925
16081
29458
23494
26994
8328
29861
32543
12912
10928
11278
18311
15505
21636
32549
24774
11398
30663
18742
16199
21031
23999
17402
13617
30984
7554
31942
25299
10061
12144
10755
1605
16063
23041
29918
28236
13343
23489
2880
5247
20666
30360
3585
8872
12861
16463
12121
26477
31947
23632
5527
32304
29517
685
22037
11827
27145
30820
7275
17664
18295
23778
20963
28680
1871
28869
22829
22922
29671
14822
12884
3254
2492
10391
6897
25875
14670
8745
32415
3358
31538
5298
19374
20532
27234
30732
28
17329
22743
24609
704
2906
4698
1126
7369
15608
16791
24742
10087
10054
11123
21249
16840
13
13471
23348
9030
15758
25965
24347
24031
7968
24547
6260
9445
10522
31759
4069
27638
6131
32409
18753
29231
3752
7583
1287
3485
1118
18364
15147
19188
13641
24938
13081
13700
6860
27787
23800
23400
12002
20034
20523
25089
32444
9991
4894
16035
20652
28923
4159
26509
24897
22648
23626
4383
31668
749
12746
19271
29058
14313
17885
4925
13659
8309
23095
11632
7483
4263
12393
23488
4055
3956
16995
17389
8506
4294
25656
6735
25264
5582
13090
25800
27107
10140
30150
27128
21316
24557
20921
8367
17324
29764
31298
13224
11587
30524
15458
28020
23458
17436
3089
8372
2868
18604
30411
24715
4066
8519
8011
7507
20207
15154
9879
31119
4128
28972
9788
27425
27169
22086
8155
31934
20004
8949
1508
17310
30411
30822
16802
23928
15944
28177
23160
2733
8131
7569
8810
14532
26619
8371
3038
4374
22833
13773
3236
24522
17986
32337
12853
26372
26899
2977
19256
29274
30769
11813
19019
16008
16313
15004
17919
2404
16758
14767
14884
24084
8266
13772
28232
29054
23247
6961
9594
8960
6461
24135
31572
30049
4751
23602
4664
5128
19681
10662
30425
14444
15645
17404
23805
972
2518
22661
6530
8480
30068
5662
32159
17231
13202
15620
30573
21410
11684
24810
7078
25721
31453
4425
31916
15421
3920
23544
29389
3221
26197
24060
14789
10717
11310
22177
1924
22228
10986
28874
50
30868
32394
13957
11121
18120
21603
25314
20194
19481
14787
1542
20970
19177
15831
12155
3766
23108
27340
4810
13436
20243
23093
23116
7940
17811
26797
7229
18280
24326
19645
9746
12824
1961
5376
4620
32288
22757
20868
23310
31150
27593
27764
25260
24526
12216
30196
7556
9081
6495
26445
22993
27598
15850
8522
21565
9631
11896
10722
3831
20015
10188
27926
7942
23354
27205
1309
25565
25654
19984
19903
23855
28889
26524
18175
4868
4315
20558
2812
17421
8445
26487
23321
20020
24906
8067
2140
1400
16541
11123
15124
27896
355
8333
23999
1613
7074
24657
12074
11037
59
24240
16346
9453
8556
6265
24235
30519
25752
19988
14519
4029
24907
22130
12409
20764
4473
7748
12339
11172
22278
10091
31628
14439
31371
7344
17534
2704
1880
19894
1903
10999
10421
10028
29342
29170
27758
31559
23745
13165
3726
11888
3821
28989
12906
7226
26037
1969
11489
18582
3478
2154
17379
12618
24211
14189
1840
21407
6940
24183
9826
14938
5684
27281
26670
10222
1235
2019
9959
12528
32393
12237
30275
23243
29029
23860
22114
4789
3349
23322
6156
4322
26958
24946
22075
31735
27503
29746
10457
24769
12129
14505
29898
21031
30657
13587
32045
17757
26945
11883
6623
32347
5451
6272
14145
8334
6120
19531
828
14285
19681
30848
27522
19854
24612
99
20758
24154
15720
15581
5390
17278
8980
21455
25240
25860
23645
6566
23099
18401
26287
12592
607
19568
1615
23982
8464
12575
3646
15146
25343
11625
24416
20746
29641
14596
25309
13030
27516
21339
968
9111
13656
24382
27647
28304
21458
26328
2130
27506
9695
23522
6119
24538
4462
10263
19164
13181
14134
8680
13359
10872
5043
14704
4827
6625
12651
29098
13892
19106
20598
31202
469
32391
10045
31593
21480
19349
8322
28557
21478
16798
15009
4552
27567
3602
27669
16952
28732
4632
12605
27727
15747
7901
10080
17868
18842
19500
22768
31210
29472
7488
7947
5335
3801
26582
15431
17255
30872
12678
5295
15114
11106
30546
9993
24060
9424
4992
11099
28603
6069
13733
31405
28094
12801
8451
9231
24676
31205
9492
21214
14379
1592
1127
27204
2850
5658
15787
31230
18081
19415
27402
28770
10551
3854
11192
11680
6372
23058
19403
23624
10632
30352
7757
13068
26524
28018
15759
968
15136
11780
9665
15295
30420
12373
24000
14631
26539
5857
8751
6633
30845
4972
18121
26530
15868
4913
16885
17645
32489
30268
5787
32740
3208
22037
4151
11748
32593
8094
1324
13457
11240
1086
4954
25626
25679
1599
2802
1727
22875
9333
31625
2448
12388
26913
5996
8823
8513
24596
24884
6008
12403
14360
22426
2872
22945
5003
5004
29372
15941
19533
3200
6260
11428
11997
30472
20600
4867
28862
29094
16913
13080
26144
29666
27259
10687
15036
13211
15593
7918
12800
29851
970
12779
12908
30318
26443
30140
8252
29811
15645
4576
19271
27699
1400
23356
29735
7666
14688
31064
11418
31620
20007
27595
5928
31074
4659
1012
18950
30205
18177
9963
22843
11090
7274
27575
19457
24255
28965
27074
366
17173
31886
19338
18515
16622
17829
31128
11877
6465
2906
29110
19098
5683
520
7773
1750
15920
2623
17005
11463
15675
17606
19744
14861
30850
10208
10817
16287
54
31183
25241
20586
21401
21655
8363
17211
11097
5892
28065
19422
15900
26350
14981
12168
13148
10428
2484
6258
14453
4135
19600
19655
27644
11841
18806
19648
4947
8373
7664
7181
20090
18000
12587
14968
15912
7360
10923
4037
20507
11164
16701
20188
9644
8357
30253
5162
18598
332
4282
17220
8792
5492
28103
26573
26857
28536
30675
7579
30444
13680
23339
17429
16692
4016
19038
223
24298
24722
26354
21946
22492
10614
8789
19877
11544
16646
11030
1352
20410
16063
14933
4755
31234
16301
21881
4003
7850
26741
22561
19685
25206
18585
23132
28285
21516
760
18204
30953
22022
24468
14056
4321
28486
10904
25298
29314
30089
1178
17321
25516
17983
2077
12655
9641
411
26714
5901
10767
31718
27968
3654
3815
22808
28857
30698
9742
1705
16687
25676
3036
1957
3407
24565
4356
18175
15628
30874
31675
25639
23527
3660
25629
11742
30830
17647
12236
16202
7427
10733
28890
29509
17887
25132
11241
8699
30807
29757
18832
23732
24413
726
14081
7150
4425
2946
31209
5039
25306
32151
15256
8729
27511
15720
3938
3135
7867
26557
30789
32055
7985
27008
29132
31601
11868
16313
50
18502
24059
29629
3019
24020
26250
10145
2976
32522
18188
18165
17241
3583
4616
12207
6241
7304
3026
26470
16964
27401
32267
12481
23132
18827
25707
5422
3756
3855
22206
14039
31756
6946
21549
32466
29575
5554
21439
31639
12033
24864
15904
952
14620
29334
13472
28876
3165
1179
18814
1708
11659
22501
3431
23267
17752
30318
5690
20575
32068
11466
25358
31597
9149
11703
16758
484
23435
5110
6148
19359
23147
13913
14859
5937
31482
542
10409
18133
9685
20347
25861
31140
22015
25722
14294
17675
15491
6663
4645
8827
18266
22343
27475
25954
3982
22316
16477
19803
29344
27719
6239
2209
23336
14045
12887
15050
31931
316
16428
23474
1809
13903
21231
693
5223
9841
23648
29217
22307
3711
27060
30442
19127
5425
31637
28832
27591
12970
8043
5535
15246
13901
11738
18310
4734
24275
21131
3050
1574
14490
16688
32075
26201
13888
15298
18502
5517
14193
19981
2317
16513
29181
25199
7445
14627
28974
5085
15630
30896
8024
24870
29464
3357
3505
9596
16692
30134
28259
31280
3064
13061
29920
26045
7560
3573
4214
31752
21697
23095
13603
21478
21687
14309
9898
30175
18530
6245
31206
10290
3732
2705
16479
15384
25134
4628
4635
16461
21140
3607
27063
15565
8286
29470
1718
23515
21073
23596
18968
9288
5773
14126
16686
10482
17415
4246
21166
20875
4154
16967
16899
8348
19738
2481
31974
6857
17226
18749
26418
13142
31886
30955
6388
25066
4739
2617
17090
17811
21902
17224
11343
30987
24594
21818
316
31802
27110
12766
24624
22267
28678
25743
24618
22819
1160
29273
22
7104
23250
1374
13471
10142
25611
26488
2117
25872
4047
4128
431
14572
1319
18831
17474
29400
26552
12578
7922
28868
32058
5891
32088
7096
18220
262
28421
8656
25798
21713
14615
4485
20784
27968
9738
14893
20977
7944
2000
30149
10666
28826
8227
16367
25348
2378
25370
15927
18407
7088
18426
7578
22765
20302
7247
26953
22806
28020
3388
16042
16829
21857
23312
672
13002
31659
27417
31756
13098
30945
11197
30612
21884
27502
32454
22691
5389
12480
7678
15280
32519
14762
11772
3524
31717
32263
29501
15670
19754
21409
23927
26553
4947
11345
23849
10650
28682
32615
14199
29250
6300
25163
19509
514
27821
5221
578
29968
25899
571
19991
32716
28544
985
1695
16456
2316
23158
31818
18696
11986
12628
1629
18694
30065
9704
31372
29945
23895
6971
17098
5591
14129
23696
1376
24729
11429
21319
4924
31550
16708
21505
4236
21266
24506
18181
2956
10288
18248
12259
30108
29254
28021
22615
12950
664
10240
8815
12894
1864
13080
17904
18619
21460
26575
31991
14181
4832
14029
25564
7775
17718
15169
4187
18054
12811
31262
9206
31339
11396
8579
23957
24926
21112
23674
28272
4299
10360
3814
5678
18378
14092
3511
19022
2289
3392
10080
27847
1644
19551
4235
21995
5200
8447
2315
13713
5421
19773
19730
3955
5347
10314
9892
22229
1462
14119
13131
28008
21412
17068
12813
2413
16885
3791
28059
18205
18197
5923
5835
26953
23199
29855
9032
3390
27066
20641
1160
21995
26024
2354
19199
21062
8348
27276
2451
8939
27852
8666
3407
8966
12744
19774
15707
6260
27658
19736
14124
12069
19150
14982
31480
17349
24612
10023
15469
16795
5955
2597
11170
6065
25888
32370
19022
2357
26431
13905
8504
23839
25801
18457
27118
12564
26080
14389
186
29578
21807
25712
13010
18734
24517
13424
15567
24962
1827
13183
3424
32459
6547
30610
8256
13610
1212
31107
1381
9481
13940
17058
26747
13496
32725
4972
11408
3416
11923
26522
28689
24313
20620
31582
3317
12287
21921
13801
26936
15306
965
7472
11147
9366
29011
14064
10314
31903
31141
31471
6830
27273
24546
14982
32324
27904
5143
8540
7325
412
20106
13172
9031
13063
30027
27754
22013
21089
11
25593
12571
24547
20017
7105
4181
26307
9003
23111
11687
20568
15618
14142
3215
29311
14642
15621
9595
23869
15288
17264
25981
11174
3180
26571
22086
23549
7825
17948
594
29468
13995
22441
26976
28438
8848
6842
6437
19740
14274
26528
15937
9885
3068
5878
16754
10673
7179
23847
17672
28856
21727
32561
5785
32062
13026
17576
26869
23075
27529
19197
27228
10488
21800
7680
2799
7851
266
14756
1893
13159
15297
22786
3071
2486
26555
13985
958
20713
26134
8693
26579
9913
437
3621
9047
15406
4244
32274
24380
16832
16216
29076
19076
24253
15147
14342
12976
14314
11718
19462
124
18797
16335
7286
27849
6122
5478
26310
475
31981
30971
1654
15556
4744
10338
24022
25376
573
30761
15377
24835
15133
16681
25705
17200
21298
19547
6852
8588
6171
12525
22888
3538
4854
22677
5123
23175
899
7718
11246
20017
5765
14945
31154
5828
23404
29453
4044
4445
15666
16458
6829
14898
643
23586
517
22729
6432
28769
12097
15465
12421
22182
7506
7375
26570
7867
5553
29473
4807
20258
16032
24360
23163
5104
24242
27833
15535
20447
31117
19828
11990
17310
10735
23218
26680
16235
23791
29624
5967
4836
21126
3121
1649
12058
1869
32475
29616
12008
27528
30848
8191
14723
2916
3880
22934
29521
3197
22925
1431
28927
9379
6863
27889
24782
28126
22121
20612
24109
15279
24676
2183
9101
21913
15818
13095
3697
15072
26974
13937
10692
21393
20618
6514
12912
12994
7321
30877
18988
19995
7206
6509
19605
20118
24788
24907
31361
24194
25920
13233
28560
6350
20276
31632
5636
32132
8734
25583
3282
3988
30144
981
13304
32723
1320
362
21266
2371
10723
28761
3624
25237
5998
28536
7371
26860
27373
18859
30560
26596
25375
7686
28347
8915
21650
21297
25072
847
11795
23057
1637
4336
8553
932
30252
5718
17475
28205
30864
5998
15726
19858
14574
31986
21067
4866
24519
6447
26753
14298
16914
27147
20463
12234
6871
15430
26853
17972
761
5120
31379
27348
6996
32380
19905
12710
7431
12579
24513
2564
17427
6604
16802
28943
18470
17466
30631
9041
22449
14566
27895
4513
18752
14591
20374
7494
30475
31664
26772
24415
30920
20641
17541
32642
12228
19392
16433
23971
22834
24129
19852
4919
6851
227
1256
3994
15735
21366
22121
21422
2738
21914
28601
4294
32658
7369
10750
11970
19072
11160
5129
32123
18181
20025
27856
5473
27615
8261
8735
11106
24405
8120
10122
23566
9671
28990
14758
12793
7817
14765
24953
27489
17138
12498
19502
17169
23471
20848
19213
16517
8285
19078
4011
21327
30040
5585
30814
15802
15309
22418
244
4780
26647
27537
11173
19153
21064
17250
30277
13557
29957
31207
12223
17842
3736
16406
16830
2636
22592
1788
17069
17113
18379
2818
25570
26533
3943
9328
4118
7636
20406
303
19993
24393
12320
11219
15299
22983
20845
985
13614
18774
20115
2860
31778
20969
16332
11502
29649
7229
29676
24950
17605
14852
21490
21397
32022
5443
9437
27422
224
28409
7105
24741
24308
12545
30745
16006
24014
5945
6239
29482
21704
29668
15578
22661
9613
4941
27832
21731
27087
686
12636
30949
10557
15951
7161
16070
11183
2802
18784
20195
15268
32367
22550
28027
27887
31644
1194
30131
15277
9583
24645
1501
6010
3431
21891
16633
12005
8487
28545
18812
3873
7013
5944
22865
27645
31746
15113
6942
9237
19322
5272
10440
21834
11647
222
21305
5489
1761
7802
5985
9032
15025
9800
25722
9134
17062
12853
6033
16147
9919
26194
20546
13101
6186
12327
707
11500
13157
4169
27428
32433
11683
8751
17876
1723
29041
22081
29032
23009
28313
4658
23960
1671
8519
11152
27530
971
5226
28825
9044
8447
25437
13137
25276
2396
32455
2769
26945
12276
14528
16098
25952
14313
23605
4554
26384
11485
21389
23654
23439
8105
8844
12409
30304
31570
14200
30020
11157
9785
22395
12887
8010
17297
10825
31910
11890
10518
10498
14815
29910
23804
29786
11771
29786
12326
22007
1812
16770
18585
28955
23414
22838
12336
26242
19960
962
15249
28558
19597
26913
23903
13473
7446
14971
14770
25290
11386
5356
3524
17573
21497
391
16365
25212
2237
13979
11217
28082
10674
32308
32472
31586
24472
26085
14558
21059
17239
7109
9516
20431
16018
7352
24487
10404
23166
6128
14920
2090
28917
11187
5836
21366
29638
24414
2221
4974
15952
32426
21328
18990
9551
14894
6272
14251
14581
12581
19227
20886
27965
18546
14859
29316
7292
29409
18296
1099
6200
20144
8252
10671
15422
15438
1944
11070
14319
21090
2853
11128
475
21263
13069
26163
10641
1654
634
32574
31668
7805
23631
9285
11346
1999
8215
1524
31602
19493
4922
27743
2028
27075
27255
27298
17534
17477
1934
30148
17179
4763
16189
25314
19078
28243
15214
4233
27168
26646
19887
16227
32767
17782
17890
24086
25919
19431
8502
19561
13469
15626
9558
22953
24385
26674
15328
587
988
29985
8728
12498
15347
19474
16606
1523
21371
16125
16605
27639
7845
22550
12038
31074
25083
29078
17725
26322
172
31423
11089
7209
25892
3610
17458
6382
22496
15620
23390
15345
14465
13416
18077
11822
19743
7886
20462
29940
7135
26517
31681
28487
712
17276
32614
17026
466
8808
31686
31297
27456
28257
20561
24445
28208
15325
6711
19193
12145
20289
13275
30429
25748
7077
18565
5025
9542
7895
20566
9261
26333
16035
2178
25919
22064
2898
15289
17420
940
2929
28390
10282
5540
29908
17948
5293
29929
30426
13773
25745
10139
31217
21566
9816
20030
30813
24375
23283
30480
21558
18943
7142
15258
20144
26504
27816
23686
1184
1254
15176
20400
5179
2053
21590
29824
20512
26268
19969
25206
9113
2397
11901
1542
3101
28527
20904
32679
19482
9757
20972
31015
15090
26832
30823
25921
22083
32058
30793
23921
30828
8149
31102
4615
22605
5260
13966
123
13902
12215
12737
25600
23202
27469
17798
5211
18637
23637
5141
18166
19555
7326
6740
26160
17171
31920
27127
29432
18405
4610
20204
9370
9152
30062
25590
15064
10031
17889
23192
13885
20836
17239
31284
27310
26750
5639
6772
8258
26375
5594
7401
13908
25281
9762
10738
31958
20642
31113
13536
14311
18973
21063
2903
424
14243
4761
29687
32332
1130
12654
8252
5743
16237
26467
30115
11177
19892
10225
29199
31586
4565
15077
12138
9192
11451
2577
19087
32702
15270
30530
12648
19256
14195
20082
7251
18500
22814
10302
14027
21643
10117
20634
15172
9657
4718
1475
1622
8216
16076
9077
25886
31588
26686
3679
8930
10715
31705
29652
6643
13715
20519
12739
19416
2064
7791
31465
17576
20502
8503
2885
19896
31164
31752
204
13174
27842
20593
11359
8853
1316
9294
28410
24683
31215
32075
30510
25239
9812
21923
29393
2534
26875
20014
2292
1144
3482
16794
12309
6942
29893
7416
13462
28167
28168
8571
878
25756
30771
29565
3359
21672
23541
6851
21736
9404
21676
22530
59
28114
15228
29602
31345
24624
26782
27073
189
28559
16123
6011
10846
2685
5626
19817
16665
24832
30102
27495
32231
32380
22707
27035
32235
15062
27058
29363
934
18138
27971
29549
22638
22490
20346
17245
25116
13976
1830
19179
16646
13671
17246
19099
2605
20876
5980
10129
29111
1002
6287
24916
31135
1247
8939
5330
30891
1897
14212
12452
3486
12173
10587
16020
21167
18425
3191
26204
25915
31464
6968
3505
5559
4678
1513
14720
21480
788
24724
5240
11094
18447
8986
16072
25598
20364
28546
19242
6983
167
4754
3360
26935
7068
29340
7293
26087
31093
24731
12840
9012
28390
32639
16925
28344
22133
13764
30388
28665
1501
23881
28966
30431
12981
9568
29517
3692
2637
23329
22187
10151
217
3077
29870
28889
7121
14000
25650
11516
15255
32269
12360
8049
10331
4768
27702
24561
26172
17944
18623
10950
5295
32036
3748
315
23845
29576
8810
11857
13544
1648
30046
947
30278
30980
2007
25324
5362
26428
24763
26328
29095
23286
7748
16728
4366
14150
1028
8522
14818
28173
10791
13497
15954
13261
12793
6992
29863
9659
9128
23829
8998
5654
22858
14676
25400
29368
6945
25048
16328
31211
20766
30305
4845
12669
28069
21587
26313
21527
30096
3756
23985
10442
18806
8760
25997
30955
5165
14856
14978
6177
653
6176
31951
12988
10359
30320
24053
22088
14102
29702
10523
26722
26725
25217
10928
32715
17394
1993
15186
21435
8417
10237
29167
13688
2355
27565
16682
18470
25161
30282
1024
27361
32419
16602
15787
2313
31982
3312
4294
17629
6206
988
12723
12364
19864
22047
22586
2055
31411
28450
29810
9435
23039
4391
10981
5950
32743
28031
23535
8488
15699
3325
14951
548
2930
7340
13697
18854
25782
29373
14835
9119
12064
24515
3671
21327
7101
8227
20177
20570
8049
453
19441
14879
26867
4624
20699
5445
30745
26646
5285
1942
14934
24331
23296
1553
20609
21756
2075
10554
25047
16829
11204
7093
8260
14884
18385
22291
25054
13172
21950
8940
29618
6940
20375
2606
2500
5794
16408
15028
28753
32730
7700
795
25175
29019
30483
25297
10584
30515
11583
24686
27226
14298
19585
6728
17458
10597
15079
17729
8962
9980
18505
3556
27905
31374
24876
4017
27770
11971
26854
22196
6936
15667
32515
8029
12896
27861
13288
18571
9599
29882
28854
11242
26694
14075
5745
20607
10099
10224
6242
11137
22066
13730
5561
25451
13539
17283
13943
18767
13598
3677
20363
31853
24308
3209
4667
27652
7032
7777
19142
11112
2175
8951
29256
19541
14755
17672
6109
13187
2702
5163
25865
7034
26229
15950
16728
14760
10466
32099
22849
14769
31671
3415
3152
774
22128
15940
1669
31929
680
30439
2295
17296
18910
15188
9660
1624
12410
3048
29453
31867
25099
12416
31142
10965
13011
17384
25196
27332
23173
5015
10066
26494
19533
10137
19325
1448
20497
1740
24231
26916
16631
2895
20417
3370
5415
23352
21212
8858
4818
22917
24137
10384
22131
9046
767
29497
3668
27993
9278
5350
3924
21893
21106
23903
9961
32011
19802
25466
20065
32393
29033
19692
9069
5249
5229
18526
18911
1035
5486
28100
6835
8134
9177
30954
17484
30484
478
4687
16385
1415
17942
6711
16600
30358
24681
10748
32657
20885
26159
16293
2023
8676
27029
18361
27410
28518
24642
31062
31632
6964
23867
14461
30245
29843
8708
29360
15393
6692
19209
10687
737
31579
6972
8415
7320
3634
11006
24572
15952
3359
32323
336
26411
20803
17905
32053
19695
7396
20618
26679
29121
27165
28171
22382
18225
4564
19220
24331
631
24301
1864
24368
1532
25021
2807
4869
1053
6082
24571
5640
16171
15249
4575
21412
2742
20751
22855
5382
29195
16868
5771
8492
10235
7725
24486
9022
9182
21873
9551
19234
4056
31703
13157
23627
27739
28566
4240
7889
3309
29356
294
26311
21036
3283
12619
9673
17679
18865
19037
15060
30574
10063
30607
29786
19909
18636
7635
30870
5685
16723
19198
2078
4299
2890
8230
20151
19717
32716
15183
13932
146
25178
25671
28898
15194
21709
207
10982
7358
18319
5115
7752
28193
14859
19676
30188
18087
24418
26716
14366
7228
31584
27240
11046
26073
2990
29269
26652
13058
4425
11900
4094
23700
3634
13096
22272
12989
2920
14515
23075
19532
15123
1259
29449
23339
2818
954
32264
10793
15191
21255
18045
10237
19841
17879
3427
9096
24427
8888
24100
7515
18163
8543
9646
21113
414
27536
16330
25694
19594
9534
28329
16960
30884
16372
28864
14228
20250
7539
10455
17364
6676
17821
3164
8064
9631
13201
19452
4707
19689
32280
27253
32535
26548
24384
13733
18379
11269
24390
21991
28740
22556
9913
26528
8482
14505
15325
21269
28773
24381
12110
22144
4911
7423
31717
30306
23755
5536
7647
18458
12015
32401
9532
19127
16190
24179
18278
16907
22033
24783
13331
18432
27255
4615
12652
2096
16251
6028
17263
22959
26277
14418
25234
11051
19395
18817
1449
30008
11752
21358
777
9957
10678
713
3310
16531
14553
14872
19738
4359
19156
22371
25535
18621
23296
561
19871
22399
10193
5556
30066
18487
28508
31553
29832
3842
21782
2307
18095
32133
21727
14575
30039
20868
26431
19450
32244
4528
15087
11658
30628
11457
10139
11051
15378
3781
15846
21636
6042
8376
6319
6025
17582
26196
21394
27890
13944
11818
19122
10475
30400
2034
1974
17421
6929
29984
18
12429
5399
1976
2184
4019
25164
25442
8686
23438
24276
21697
817
22759
16292
29441
1178
25971
30698
32687
20560
30284
3497
30926
31775
23202
8612
4391
28791
5806
11902
736
16568
27368
17183
28752
22700
23418
15450
18194
9045
19444
16844
22872
3818
833
2567
8578
4636
11226
10736
25584
5789
9273
29541
8980
27875
13201
10019
6603
11562
30396
32231
12269
10680
6517
19668
7458
22116
12231
18709
11768
18777
17349
11971
24371
14616
27516
20233
17253
7100
31526
18822
26302
19330
10145
29938
9508
21640
11551
15109
9862
20437
19998
27540
30062
28570
16027
19198
25558
8375
20354
24518
12861
25985
28266
17281
11514
19907
19839
31475
13263
12291
18367
6517
24513
2054
21866
13209
15143
7830
9395
25873
16386
24194
10940
28109
4236
31463
16577
10852
7700
19118
8596
27573
12808
32086
23369
29134
3412
3315
2354
3597
4586
4471
27150
12420
10914
22833
9853
25762
25925
27283
23479
272
29412
21304
15998
3802
623
26662
27217
11215
10627
23376
12515
27690
20354
19039
32203
32626
20201
10929
8829
7326
16606
13986
7801
31101
9993
16395
14274
20821
26533
3081
30610
16075
20439
7168
24396
27906
4158
2015
27058
25607
26571
19877
11352
29805
28883
14884
11608
1588
17506
20228
16712
20208
26579
18956
1385
13094
14493
12701
18977
22266
19056
2687
428
8711
27521
6881
1806
14991
17186
24218
20812
15316
16021
4277
26331
11205
16418
28205
9561
29661
17511
5621
12667
24905
29168
10811
9031
28745
18183
5870
17027
26328
22989
8574
26477
655
24202
9699
21420
15815
26690
9440
6023
28670
6025
1929
22357
19836
11159
15363
1332
2613
10655
3979
25342
9202
3677
27065
24697
6060
15855
19718
10702
1592
9701
16525
31293
3114
17819
1806
1806
20723
4295
18232
5835
4428
24654
2344
6316
10456
25948
11565
20563
24324
21171
16334
27065
31539
12355
20238
2409
25624
3323
9454
11500
20066
736
2868
28548
16031
16732
31851
1821
25178
4568
26155
3456
1159
2701
24730
27082
8482
25494
32563
28188
23570
8778
7878
32149
24403
3786
21696
20093
25684
10198
25517
7363
27806
2277
22779
24746
28087
30324
14337
23999
29766
1182
22080
7694
631
3053
19688
11669
11681
24688
9118
10745
16167
32525
6268
31352
23708
9497
10585
17439
31530
1574
16971
28221
8756
5148
13675
19223
16698
3468
24536
14557
7421
17984
8191
20189
6116
24087
281
27383
22943
23056
16372
13137
6666
21412
3319
24652
4948
12889
12129
25270
24416
9108
28113
14913
17515
17582
24587
4147
13552
13131
3577
27232
1736
30695
32752
2645
9622
32434
9269
19671
17506
4766
11712
7564
21124
3766
20543
21239
14276
14769
32094
1706
7103
32711
1862
15798
