22422
19307
2085
27644
2646
18904
4885
22981
12652
11905
21914
17909
16865
11609
15018
6969
14584
22185
14653
15672
21009
1375
22869
2432
21453
1961
2619
25792
14451
13763
11787
10297
13714
27406
32370
879
26344
5473
11959
9764
8323
20131
28408
18054
11302
13466
13495
22440
30190
29438
27797
1071
27701
13266
31068
16718
5815
27124
9283
3572
10483
10738
25198
12867
5077
1311
5045
4933
23185
6886
7846
28378
11986
21599
3533
5109
6164
32288
4659
27400
10830
13398
3876
25277
4053
21780
4917
5351
27261
27882
25222
14264
20481
20922
30277
12084
26021
24519
5491
21221
24345
3343
27371
15313
25761
18139
15520
11945
9331
19860
10278
30275
4960
728
2164
16970
8375
24013
26856
24117
24935
31157
10635
21621
30307
29379
14487
20979
12875
1325
1334
23993
16968
8835
3981
14575
24120
28991
14841
31498
17419
27293
16280
15936
620
2733
29708
28735
22180
18086
12411
6942
8636
15741
4570
14996
14562
22198
27756
29032
5391
17275
6277
13096
9702
5611
31892
13854
19422
25268
30816
16768
15779
8420
5522
11239
23738
15356
8564
7682
15716
3142
5112
28044
26054
10601
26620
9339
2118
19259
18636
2171
15672
11478
14569
13978
32698
9710
5641
10053
29148
28258
7774
11891
11269
16400
23323
19488
7058
19182
5173
24829
13503
12119
12646
7014
31691
29346
11384
12436
10583
8697
30912
13844
28176
5992
1001
12151
6541
5429
13299
9292
10362
11120
1658
21067
32247
7114
13628
20435
19515
12203
982
12951
28797
13438
6862
3732
17940
4688
5078
24902
13533
12441
6991
15643
32477
7513
19213
18728
4391
10855
8794
26906
23552
29958
16189
8560
30274
3002
15612
3048
4094
9818
23519
28727
30821
9317
22071
21757
15081
17817
1695
7416
6047
20674
17282
1144
23272
7377
5085
4883
22608
12333
8518
21913
3254
27214
2862
29771
11182
27527
32611
31047
7203
12067
15320
23367
10305
2996
23977
8331
25745
3496
8538
11796
4710
24605
30816
5907
377
14327
6114
161
13520
29999
25792
28080
20196
28269
24789
1858
2306
6874
32121
13529
14834
3631
30538
6446
12247
31507
7981
18213
24918
12195
13455
17153
14842
16466
13553
9172
1495
21747
17571
26938
16494
19476
5327
22855
19153
10382
27322
31422
19720
32090
11335
32644
18098
19366
5565
13140
4847
1832
31945
17075
25470
13491
17607
28199
30499
22280
26685
32164
3916
7662
15272
2119
26867
2949
19836
25671
15558
983
1894
21288
2694
31408
29908
15921
13229
13232
21175
5921
10579
18590
19591
12574
12626
27135
2696
9710
1705
3559
30029
7017
22814
272
21114
32046
28712
3625
7886
32406
29963
12144
18784
30950
10309
32387
13352
31177
1577
22131
7618
5629
7882
23579
22639
21580
9498
24752
29277
17598
31059
21145
13096
6157
12950
12416
4768
19289
27602
12969
3277
15389
22504
7810
30512
14434
24845
30844
15180
24370
22383
2074
6757
25936
29467
25159
24200
4646
11550
28141
7371
2303
13290
5827
27862
12918
32508
8807
14754
23086
17852
23468
3969
21700
23973
2101
2911
16898
17317
23619
20295
16214
21703
24779
8233
7810
31247
32716
4314
29844
19365
10975
24156
5401
28471
20496
24928
19854
13720
4332
14601
29975
15277
28635
4851
9332
4745
26544
13428
10800
13015
8575
10529
3867
16248
15534
14996
16123
23406
23887
5485
10623
5881
29869
16279
28532
14335
30757
17357
28731
25009
31288
13916
19323
24428
23006
30506
11027
5853
31772
21751
26963
25961
17368
30179
26475
27852
15341
10544
10275
4864
10107
1610
717
14688
27776
32004
632
28429
3245
15141
17767
8849
8306
2851
28866
5826
2140
4142
3210
7913
18592
880
23506
26148
17144
22164
1325
17929
17069
24453
8035
28812
3829
29048
30312
28963
30592
1836
7310
18728
3918
25200
7161
11134
2499
17639
23635
7031
28157
9736
4290
29429
5221
2664
16919
5072
8836
24636
18761
18552
31001
1305
20001
6108
18536
22783
7734
4234
16084
662
28700
20247
1456
18615
26329
17345
83
9518
27032
31571
362
29887
9122
28489
27283
26727
16521
8501
27175
7139
14502
1377
19286
30071
16838
182
3194
13032
14369
32220
12197
18378
5004
23971
31100
28930
15599
18082
4681
8579
22520
6174
15691
11355
21777
1069
6737
20467
24464
5402
9607
1682
31790
8716
27023
16420
27579
30435
6099
26938
9744
13155
31514
25425
324
9620
30810
21079
22819
9064
4557
25451
19163
10143
8263
28901
22777
13800
14023
10134
2964
19017
25676
4433
24776
22464
18410
10409
8551
6699
11036
23037
28138
16229
5724
5554
6062
11186
5105
22464
6749
23901
5385
18544
18857
13215
11527
23140
1857
7363
5918
2519
5373
28552
14879
8486
22364
29639
7823
9871
7217
24149
2813
22329
14745
17451
14994
21365
6448
18628
25066
24644
901
3015
30242
25113
16331
6630
27187
29920
23505
25862
22142
17726
12340
1952
16040
3867
29907
22375
27047
25950
31107
2859
29
9975
22276
30717
25829
17699
11316
10644
31724
16107
15235
23023
21315
30190
31911
3132
25202
16481
30353
20217
21518
23636
30111
26969
3470
10295
29203
30697
26970
17564
15044
15475
22309
831
14355
9506
22141
18243
23329
20200
32672
15038
3391
1821
3730
32120
13222
4201
9324
12528
7017
12003
13047
1440
24999
16250
18041
11650
11269
24213
8655
22483
17755
25078
24764
6679
29358
10724
5249
27229
5215
3465
3758
3780
26529
26265
20023
9790
31792
52
17098
11924
12865
27918
23136
11179
21684
2253
3347
21509
9105
10418
23343
26250
25266
16252
29067
3465
16573
30857
26650
29434
10838
3647
20157
27142
23954
24490
31835
20937
20910
2406
21556
5462
18177
1472
30066
27899
4911
6168
2305
17607
32160
1930
8609
27722
16432
27853
25146
29596
40
5978
24175
22945
21358
19921
26997
28554
9720
28057
18214
5535
4998
11719
29521
13628
2449
2370
29525
7194
17790
5156
26094
7376
792
16483
17742
6298
28477
21936
3952
22104
13015
8351
18601
19162
10767
7433
3200
13914
7101
8111
8383
15178
1314
17183
16074
21073
19929
7132
1840
16272
30731
30649
21376
27945
8419
11398
23134
20226
25921
14830
22997
13254
32435
17056
15343
10029
11425
8365
27011
18814
15815
6449
16207
16466
19944
29494
22854
9370
3009
30165
10283
4579
6973
4510
1375
15065
26599
14651
14584
9994
31652
11599
9746
32237
11682
16292
4458
803
15756
20870
13865
10236
12032
4458
7421
22077
31042
15316
26990
22561
24370
25463
4464
413
891
1181
13108
32488
3342
26569
32068
27707
28623
6043
23759
6870
11661
28149
26177
10051
9016
31836
11287
17630
13902
21409
30706
25237
30359
28352
6634
3309
2066
17672
16932
12613
26927
18300
6311
9823
26942
19834
1899
7708
25384
13466
27315
25735
4189
14297
7069
4117
2061
16887
2296
1836
16027
16157
21077
32481
6479
12739
6497
22278
27211
3793
32114
30564
26816
9476
30047
4677
31073
5012
31637
28726
23320
5140
16487
10506
3064
7065
22182
28194
31348
5918
3698
18924
22222
18215
29263
30890
6354
32421
6780
15989
3523
18714
19072
24193
662
15357
3333
6050
24158
30560
16873
18959
16648
6608
21139
10855
31304
11133
131
9713
27859
17563
557
23592
12751
29447
25096
20855
4231
9006
21474
16193
7780
4139
29814
9508
6937
32559
10048
32639
23837
18982
1680
18225
25182
32151
6622
7844
22836
3532
18013
20491
13715
26420
11730
231
9862
24069
28583
16080
32728
16677
59
18802
27668
5195
2685
15830
31409
13666
4025
1763
24198
28974
14770
14116
28804
19249
4848
12235
19107
31952
6491
14582
3869
28594
24329
28466
12251
14185
11605
10813
18988
20052
24113
16657
27325
6595
24509
20253
19910
31069
5656
24278
28545
26047
3957
7534
224
25190
15986
31715
5247
18127
11942
24892
6104
8924
26489
21008
27830
17018
28985
12615
14060
5249
12394
32292
12870
30940
2909
13188
9408
14825
3588
11360
16630
13602
4
12697
3292
30462
8460
5365
8367
19986
32613
32100
21035
6524
7371
18569
8191
22145
21884
9589
29054
12661
15758
19638
32407
7643
26757
31120
29703
14798
20261
2186
10189
160
18309
24365
29150
4288
17253
264
32027
2273
18625
30199
9344
16472
22695
26021
12446
24262
14405
3152
2379
5880
20550
27852
12184
2315
5727
25547
5123
4052
13604
91
7406
32127
26145
17840
29008
2933
12838
14884
23467
388
3042
26492
22846
22586
30899
12397
10619
23185
15293
8031
29115
2770
14138
4720
18737
20147
30736
26812
16668
9922
8105
5340
15681
29959
8191
14508
12441
5861
32246
11857
4679
22082
3567
8827
7884
30184
24218
9192
14718
23850
17931
19498
567
9930
17681
26025
29514
5914
13507
13035
7099
15714
29275
15123
18863
17538
32072
16296
14625
14040
15230
16280
6871
14692
22545
11133
1940
554
28674
12062
13200
3544
345
13369
30245
22697
20595
640
31179
7817
14238
8417
10310
26234
5347
23562
10014
23862
18979
5677
30800
17174
870
17408
4931
28978
14191
15113
2557
14794
5780
13592
3735
10213
23500
11541
27886
25143
13322
30971
19612
13640
12233
17701
20263
2259
29416
21705
24183
17516
5817
11202
16270
26470
29269
1426
15731
22516
15666
15783
111
11662
16375
3293
25980
31383
1934
16453
27131
22844
20091
19749
32677
16287
4205
26175
23748
24373
31763
30294
7331
4972
14129
9199
17475
9106
10483
16981
32591
23538
16001
21471
10578
16960
24019
373
30504
26935
31431
11089
21683
10112
625
30467
19151
13782
4274
32440
391
30824
9228
1467
12937
30590
17332
22076
8151
19296
19433
11345
25280
32628
21637
21050
9999
12454
26066
20969
9858
27404
28574
24514
30845
2762
13970
25247
2560
9268
11199
15639
20951
14131
25210
15360
5392
12778
6250
20018
20402
1689
991
27022
5548
22721
23653
16703
12
1417
20890
12608
31345
2912
25660
798
1219
5348
21894
28672
15649
11010
8381
996
17947
21087
13062
17963
23842
6135
21882
19288
13628
20741
32124
5141
27133
4642
30538
23927
7858
8624
7891
18050
7647
27001
6857
28400
3308
11156
19958
29486
2075
32393
29395
27048
15037
21684
5463
17734
18342
4847
24333
16694
5598
31339
26985
14829
21913
27103
2652
5992
20841
14821
20262
11448
24499
14496
6508
12477
2144
2211
4746
13362
13012
26382
26922
14569
28708
7418
3350
20056
13699
8216
23882
22357
6910
9876
31822
23838
29290
12864
16066
5020
19098
22254
26682
29417
13013
16413
10829
2575
21126
14809
6633
28435
10550
16604
3817
28722
2744
24057
8682
27242
11171
20667
15450
26940
20998
19785
28369
29617
32342
20876
421
10907
8363
21908
29625
7197
11820
23352
23445
28781
10952
8445
24252
21465
31528
31802
13113
16904
4833
7801
24444
5763
21229
18975
11364
1651
11356
14928
32157
26541
23367
16909
1068
26859
19974
26271
32584
8028
3234
31033
32620
3424
13453
29657
24490
1676
23697
7535
26946
5365
29959
14657
21875
17323
30793
17806
8593
29315
32618
3441
26968
5914
3876
4617
15232
3862
12561
3799
7313
26543
11550
7527
11257
15983
30526
15411
8028
7989
9563
15556
2091
896
402
23834
6008
22250
3231
4174
21513
9459
1174
14966
30379
21504
17365
25545
24776
4516
3126
9988
24892
21533
4745
24332
15205
5410
24129
22484
9337
10716
20845
1665
11037
23602
27882
3276
15667
10569
9431
2984
16371
18763
22858
2341
28221
25704
18241
28053
28973
6427
1500
23533
26353
14255
25545
26990
19415
22273
14591
30852
31146
9863
175
15086
12607
8593
20343
7967
25163
1999
31194
11492
9591
16148
32493
5448
7351
601
2898
31157
11735
517
10346
11867
19287
22892
27591
31701
16248
32149
15072
9226
11671
2368
30473
11858
15802
2599
9634
16091
9833
13189
26766
32074
2239
6613
23271
20133
21184
23516
9711
26224
7149
23785
25162
29462
12310
29788
6507
27019
15472
13925
31565
13360
21223
14862
7267
18679
14261
124
20433
27335
11572
24945
29148
6690
12784
8470
13983
30981
25857
4856
20736
9743
1176
28240
1507
21222
15063
14215
32670
6615
11494
25337
30124
22204
67
5370
31909
1827
19033
8982
4717
30124
7765
15005
15020
13491
11573
20576
16255
11311
11297
15797
27246
16090
29951
11969
18845
19091
5442
17910
21830
2048
16130
6362
2406
3447
20562
27146
18359
31007
25806
17535
5599
1618
9587
23569
3047
4678
19124
22329
1774
21485
1225
26139
29727
19225
15947
19140
18400
10980
27902
14000
30028
17231
25838
8591
31204
11817
25021
32072
20865
17203
14907
27455
26254
6017
29239
22228
21107
3107
7829
6444
596
12293
20385
2611
5116
30996
30115
8929
32532
6306
29620
5309
24217
28428
21711
31392
28301
25242
22315
1724
4588
7590
16840
20956
29921
30721
14408
12269
7994
3986
257
11710
2842
21568
29008
7172
5101
2835
29744
19361
20897
3221
24331
24358
13332
17023
2256
21910
29384
10385
22341
12909
9438
21698
13983
26336
5442
19097
12112
24679
10019
7643
3616
24697
24230
10342
21119
406
25051
22365
22297
3467
1520
21381
26796
2290
15524
2287
16150
6136
30207
20952
3251
8291
19008
18637
6117
19667
24
1555
4852
21831
17173
19525
9753
12516
7777
26687
24533
5362
4012
18491
32647
25896
18023
3642
20030
31017
25395
8614
31180
23374
19353
1077
9756
25766
26107
28176
10437
23099
20938
30005
8926
28567
28666
17433
27925
21127
20403
9106
2555
9247
21322
23541
4770
766
8559
12667
20842
2772
13992
32746
32536
27937
11006
14705
22056
1855
32757
19667
28773
6562
2754
14024
8886
1119
20153
17056
19259
11499
23557
15913
17816
28965
1691
9427
31121
19351
2417
1554
14296
3321
27114
11012
22818
20215
12181
16212
21376
1077
17432
350
14829
18831
3943
15763
23075
23717
9274
6431
27828
23447
4285
28618
2901
12813
10121
18716
24957
22395
21715
10437
19247
17059
21475
15932
22035
13915
22728
14245
22732
19344
587
15352
5254
23691
10273
20576
5326
13683
22885
11489
16807
11795
8005
17470
22490
4318
22523
794
15245
29488
15871
2653
22807
25303
28538
26841
2067
3282
2558
6190
9395
16728
11893
16618
21336
31005
344
2549
8799
16336
31522
30509
32317
10216
7427
6989
11214
11168
24024
8467
15594
8000
25435
28578
13114
6303
23447
28197
17737
28646
2720
10933
31198
15766
24704
26749
3466
31181
11124
22811
22141
8389
14937
1354
6813
157
865
10430
3034
5212
8970
1360
24251
4147
18257
29019
12093
770
23330
9574
10206
12574
1556
3331
7925
3154
21587
7926
7748
27939
6877
154
2256
29016
27634
30849
21233
9146
12229
29787
165
20761
13688
9753
24105
11919
20551
31826
9931
13577
21764
31205
3578
22018
3011
12512
24223
28050
27094
25760
9392
5544
10236
5946
5377
16019
2261
1562
10078
12488
25497
23018
5848
23519
18186
3510
15452
5854
18599
20813
30602
13754
21539
27370
6595
6171
3861
23571
1924
5472
9457
19906
1011
27107
3895
1987
23224
2430
11754
30557
23566
31566
17476
2356
24346
8886
11688
23150
15995
6567
24280
1301
802
31
1896
3004
12644
25840
26483
10342
27725
11203
11660
675
25400
5212
28919
4348
15772
18208
7194
10641
31017
2772
23342
1537
28180
1959
25402
16010
28079
15219
9538
114
12092
832
16827
933
32515
24074
20547
927
25506
19652
20367
16268
11685
29596
20901
17838
9558
24705
14411
3584
19158
6882
5567
10265
23661
24761
1448
82
5919
13513
4685
43
25984
8739
31237
3563
28873
22767
26862
12167
18474
2153
31458
21701
4706
6698
6567
3233
32142
12969
2918
10736
24894
6913
17759
6979
18126
30709
22234
31246
19444
29233
97
5386
5013
13266
19244
31191
14557
24361
13533
16870
30862
25276
17262
9878
1176
20110
5479
8349
13803
3745
16980
5802
4233
11960
8054
24393
19935
2913
15545
6662
24917
5171
11750
9173
11044
853
29722
10929
19815
11840
7031
9348
22390
21445
24857
11591
15215
2897
30027
4202
16917
14704
11771
374
28894
11664
15724
18417
5703
19720
16683
25218
28779
28504
15684
25941
8660
20402
22453
6081
26769
14266
26659
5416
19336
18315
12236
29983
12814
32506
19901
16079
6581
27678
17221
11163
24165
8976
7337
32004
18607
25327
4633
27081
22109
3111
13539
26194
29006
19443
31975
19534
2177
8481
19019
9628
16239
7702
12144
7783
10142
3089
5924
25238
14451
21428
6937
27235
31048
20160
7829
31305
4542
26400
364
23076
13396
10025
32556
1940
5945
7968
3735
26530
28511
17404
21846
15270
8657
11118
1003
23912
8006
18719
11752
1669
7670
4409
29278
10004
9644
9256
2201
3978
8733
26530
1290
29147
28536
12516
27269
32226
5438
25663
23469
7427
9044
11732
172
4367
25943
14236
29991
31335
24623
171
21104
2405
19943
14773
10750
24311
3003
19153
1051
24717
11891
26237
14045
822
12528
19938
10583
20997
28933
10842
22288
13242
28296
8240
10165
13214
168
32423
28426
20911
30080
12605
10534
7677
20461
22064
18144
9044
6045
7746
7813
25883
28521
22969
21708
29820
26085
22187
21003
24774
13365
29816
6058
1807
24354
4248
2520
1309
28269
12439
382
21383
11874
3421
14961
19223
12209
25523
29164
6515
31098
11779
18749
26876
8615
11103
16574
16375
16254
22469
24327
23275
27766
14754
22626
1609
18250
10388
19072
15186
11597
29044
24682
1078
7677
31636
29369
27513
31962
21317
30730
31387
9593
15773
22957
3064
1492
14711
157
29677
13028
4538
11957
17724
11122
25823
30752
13490
15658
17837
28946
24583
16369
22855
25525
31749
7032
5737
8807
11756
19217
2543
18978
5142
21442
17559
2363
16855
24728
22023
15952
12967
31038
30994
892
30851
1742
21815
31180
10640
6887
31082
26871
20738
11520
29720
1865
26428
16892
11365
32225
5432
12798
24760
32028
18218
126
28281
30033
21088
31389
18201
18367
12909
4021
13907
963
8582
6197
23986
1103
4140
32428
2388
407
16396
32547
16877
27405
1571
28848
16398
7568
30757
19784
9384
18912
2336
27605
6860
8022
22876
8328
18100
3794
15751
14193
9735
14836
16654
32077
17753
25231
10190
19103
28401
28250
13036
17666
14032
21225
11521
19133
2031
32220
379
15512
5831
3415
25408
6638
23830
27826
18068
8964
737
10609
12860
30105
22709
5238
11235
22462
18227
885
17342
9448
22476
18089
876
4420
15048
9925
17440
14154
28301
32558
12289
9109
27678
18535
29393
21234
31970
9932
24013
22199
7591
20868
725
4950
4838
26033
2765
19761
4680
31209
19267
30640
9578
1514
24402
31377
10717
29321
18374
24960
4722
26092
22144
10728
19892
8185
26909
8968
30133
31502
14034
5193
11534
25843
13722
7631
19745
25613
23188
1870
18849
31956
14758
28959
27989
2951
18535
7059
21528
26142
18492
14471
17957
23168
7105
31544
22673
23798
2922
23129
30489
31455
15722
14435
15134
26022
25811
26157
13294
10738
27647
13244
1093
26396
7728
860
30996
6886
5235
4847
32128
21866
27082
28550
4142
26960
31369
18222
7614
27716
13057
3341
25749
7079
12636
9133
17888
31109
16072
407
10197
13768
25560
1060
19772
14251
7206
25744
17967
23409
27966
848
24094
14422
25783
32165
11030
710
16803
16754
8770
24269
19754
4939
21938
14031
9841
15054
16219
27257
1473
18742
15711
27127
15077
11821
9103
4455
27347
3810
1582
22670
20623
4956
8696
10954
1357
7694
1379
31560
5078
8619
24357
26999
23340
2363
5622
2493
1137
26223
3479
9832
4101
23089
15635
3303
15855
27520
31301
15162
21886
16507
7834
423
4143
28091
26905
27823
11218
20454
16800
2880
26601
9089
16752
25900
29265
20230
9451
13786
1828
4919
2717
16188
18397
5553
9082
18688
3517
31172
14438
8203
15214
31618
10491
10787
20967
16662
18310
25067
19599
22104
13906
20245
2213
1694
10794
20179
15327
2260
13849
16526
15953
12751
1140
27355
11153
8414
8474
11435
7961
6818
14587
20161
4076
1568
29399
2410
3965
16405
17736
4712
28620
14473
28163
18223
5330
3751
28251
18260
29983
7884
12551
4930
3522
14046
15652
815
19817
25823
6782
10830
15049
5058
19211
31302
23104
27261
32184
15076
5817
8543
24168
10764
12753
16804
10042
22518
32568
839
22283
5015
28505
15639
12605
31580
11581
6925
27318
1566
21420
3805
10283
6227
32150
11979
12702
31105
13746
30400
32549
15865
2405
8093
750
30913
17125
207
21632
18898
3742
12324
8515
7299
4053
21468
1603
10822
10379
23300
14129
5522
30884
4095
5803
12576
22600
14694
9148
18266
20874
15634
24743
30225
23879
31094
5856
29294
26449
18738
7260
18731
24013
25830
32266
28418
20442
5956
13218
13670
24436
30570
16541
30578
2711
7534
26244
4895
4007
1338
19566
697
28943
5018
16325
10900
23593
29075
29256
12027
30558
12791
22870
26217
23438
30006
4713
15356
15537
32631
28897
5670
1471
29927
6403
5542
27598
12369
19521
16566
15482
26608
19131
28294
27530
5249
28167
1770
9169
20123
24877
27215
24401
5699
6646
5620
19111
14524
30567
22615
30627
18588
10632
10733
9014
23589
18026
32277
4753
1489
12391
8271
19339
15151
12716
29097
11331
7662
28917
6779
9735
23351
9112
1108
8053
5441
8389
12340
16864
2847
14860
15612
13814
29404
32031
12834
5023
14793
17114
25257
2344
7958
12160
31825
32160
23712
2120
5899
12930
21002
536
22703
10389
26127
28048
241
19473
4630
25674
29074
11267
19463
23392
1747
16626
16990
16175
21551
1731
7806
31835
6473
28122
16711
6676
804
26498
11754
18839
3474
4495
5884
3831
6383
17730
16842
26397
2062
3436
13293
3853
31348
18390
24350
20588
30404
30177
16203
30527
6523
106
7914
21750
7133
29424
30093
29865
18224
29177
5302
25761
10279
28849
5869
14618
5793
27093
17681
11335
26004
8143
26092
32663
20291
10275
11273
567
29112
17929
13770
24792
28526
22619
21429
8882
2126
24242
2319
30665
16092
22989
31404
15471
23987
2866
16389
22026
28975
22551
19083
19735
2409
21378
22331
18543
22632
13232
7795
19913
149
14004
13828
27521
10096
14944
22920
12184
8322
2920
3318
4091
17554
12229
19827
10248
18716
12376
17515
28494
11263
9680
12513
19860
1910
3277
31491
12317
25161
9541
9730
1067
20549
24872
5152
15042
30441
9791
20747
14766
19042
26458
22121
24008
5818
22698
32436
29300
10572
17260
6728
17006
11899
15559
23226
9671
6051
17400
2156
12586
7504
2988
13918
27236
12718
29357
26695
9763
30529
28609
24293
29438
4054
29904
32401
13750
22458
3396
1046
23228
24873
15285
31683
16627
17417
23238
11967
16822
5593
1354
31389
31261
7652
18860
18224
14716
6586
11405
3745
14637
9696
16046
11198
400
7879
18961
25237
8271
3579
23131
22338
5095
30621
9341
26373
4196
7187
4499
6040
363
510
28940
4287
28030
23660
5644
21536
7804
8528
25614
10069
13159
25647
3790
25664
32618
18715
4454
9118
23067
9189
8375
30175
17661
6031
7434
7734
2633
18944
18167
1004
14574
32763
15239
19961
8662
13650
31637
23765
14955
1367
634
5772
2138
30612
12265
14609
31382
1212
2327
9940
21409
26593
5407
24982
2311
4070
22694
10108
15403
17720
13498
26211
12357
22457
11520
31092
25004
26877
22799
25848
8785
9913
1303
1133
24460
2424
17862
24281
29980
27536
876
5470
12649
3157
16477
8207
28427
21388
7831
19714
26512
26915
26788
13734
9082
29983
8642
7767
11144
7125
24898
29744
24375
2653
32046
23841
5255
10052
18478
3649
25858
15233
26284
23653
19451
10154
32567
15089
31252
31080
18981
7406
515
29993
17533
27741
17045
26644
2580
3019
12786
22082
6901
5670
28196
22827
4102
20687
14035
16990
745
1008
13394
22134
11553
11536
12256
13385
630
16357
8487
15458
19098
26985
13577
3250
32268
2352
12700
25730
27197
21752
23411
1196
24818
23170
16416
24587
30441
21408
2550
12336
5567
144
16660
16982
25873
31880
7583
4248
20194
16530
20302
31586
9020
18586
24108
14118
7962
3781
2201
16976
23174
20741
17042
30587
25087
21739
14899
4069
32541
7612
1402
10784
29816
18630
23886
10507
12485
1012
2496
32513
15682
21153
25488
14672
27477
5290
3827
24557
1391
967
21395
32102
1847
6939
13784
25367
8421
7433
13670
32161
2539
11082
21735
19864
26331
9532
20234
22652
18053
16509
7371
9707
31327
4025
12534
7444
20011
27584
3302
22127
25299
29404
4755
13740
12440
4705
14284
24553
29803
20101
32448
25127
3227
15474
22467
7167
2225
25242
20559
17041
28825
29515
13129
4030
1794
5507
32390
29079
2822
12293
20878
19988
15630
27308
14752
12042
10992
23040
32502
27223
1883
2311
22345
6751
4213
21854
8600
31421
18882
20871
3878
32050
3400
8581
24002
10977
14321
1446
1866
9663
30000
1953
2674
24133
28135
32224
12482
20840
24201
22815
30174
25290
22652
28726
29706
10034
12993
15923
31213
13114
28118
18092
11669
16967
3803
5204
24764
18878
13813
1483
31306
19573
29680
23739
6427
616
9000
17184
21505
10414
18345
15079
15117
3499
14997
11195
32266
11654
9414
796
23627
29405
3253
6833
16807
28600
31642
22751
13505
8892
32213
16282
31373
7330
653
23931
4879
6631
24215
21779
29542
25796
30361
28288
8458
4960
21615
26429
4690
30277
11213
29759
30777
19216
4646
10813
21857
1901
28109
16463
1624
20547
24667
24762
7963
28972
12368
31754
16856
26664
30205
21090
21240
22930
4001
10001
11869
83
8402
21093
16872
28245
8478
9668
12607
12603
15859
22008
26317
12111
5052
24523
13834
20667
589
6868
29436
18685
8321
28304
8958
5269
4897
23989
10944
32512
19208
23490
7567
17642
28293
8411
4566
9888
29185
28628
7909
32452
9186
652
26610
12612
12207
4220
22621
1676
23668
9103
30009
18171
2664
12084
26631
10900
13261
7602
9924
28919
29976
18365
23847
13711
24658
2630
31524
21516
8126
28311
3252
28948
11196
6302
16088
31541
6125
28553
13787
14367
15256
13460
6360
12816
14668
31775
30333
6543
10695
15620
26382
28509
28183
27175
4013
2729
27903
19023
27352
20355
16284
564
31283
10643
4424
1241
17800
7947
14015
24091
19212
4058
16513
2954
17636
29987
3191
22393
26599
13549
6872
27217
32678
24092
10830
1579
2985
24736
24405
8349
16892
5612
31460
20179
6891
11689
25680
14306
18953
21164
2669
346
18551
7206
24566
27162
21602
7963
30511
1897
2510
13334
200
22594
30866
17690
12805
8942
23460
14299
22044
20697
21911
18478
3807
15518
22114
26303
2202
9828
3683
28674
9535
17005
4772
20332
25280
5612
5724
25314
189
5655
23993
12914
10591
15742
19932
20545
8580
2971
15910
29892
17436
8874
28338
11059
19666
30651
18466
8763
13808
18693
18591
29940
11644
20093
16923
18
26023
22695
19929
5983
17513
20908
6448
12137
13925
21678
28556
20343
10514
20312
9653
24514
28700
25017
19028
10210
6664
28754
16307
4487
30744
7277
8900
873
23918
5809
9061
26754
22899
32756
12770
14202
29050
19536
9659
3683
7585
23673
16808
13990
3320
16717
14555
9533
29926
23981
6533
19235
28616
23180
16539
18953
11994
8517
15066
24907
859
20530
14089
10018
748
23930
28030
25115
19258
23594
8419
5832
10460
6024
7226
7605
9599
30884
21023
21917
16704
27183
333
17886
23385
11920
612
17707
3584
23605
8938
30849
396
29735
12687
15964
31450
18146
8117
23082
10479
7011
23599
29696
30174
19586
19273
16524
24300
20610
9
25931
6131
24295
6837
27899
32260
10375
28821
24660
7504
21988
24826
22259
20041
16313
31616
5271
11780
5587
23439
1679
30178
26658
23848
13683
30319
17936
3806
32531
14730
26641
1314
11437
4039
6012
29380
14691
3345
18585
10935
23787
14484
6907
28437
11913
29658
13328
12642
29754
23859
10230
10261
29234
12635
25744
23892
20105
28759
21210
6912
23858
18848
8825
22513
26668
4995
29591
2691
18428
20936
21229
1105
24666
3986
15393
15168
21803
4230
5715
9152
2991
7471
24307
78
19452
28321
30421
19005
5803
32093
17799
6071
721
14197
9954
8959
14385
25073
22239
22264
22959
10608
20396
1259
29704
9747
19967
10117
17601
22166
28587
22303
27997
22208
8305
21315
26323
21758
18712
17771
18751
2891
29887
8459
15320
16210
24691
17618
8482
3543
10493
16685
21349
1363
2813
26638
1373
21470
26941
2539
6963
3154
3391
1033
4012
18094
22040
1018
14753
8120
18817
9317
1455
23527
15148
18181
30767
12671
32340
20468
2920
32254
21912
9770
15876
27319
5385
7488
26049
17597
10882
11386
6761
3074
56
5893
19716
32192
28049
27005
24396
7704
10810
28851
20321
1274
30580
3500
19390
29252
29614
2797
17260
27950
19545
22261
18037
29413
16888
18444
19100
30838
12918
19771
10315
17390
7613
12444
25549
24767
22660
20180
5821
13158
24936
26589
3519
28747
3135
27913
28270
31209
30633
28739
31125
27182
231
6296
15777
19237
10737
16375
19798
17106
9666
7733
20162
13918
32503
9556
30319
10356
3224
29445
17117
22250
10550
31595
3119
23460
24630
20770
15397
21685
1388
11904
16970
22472
27372
9243
6255
13503
10524
4235
27479
19353
11534
17777
15284
31129
269
32184
2898
24996
886
2330
27283
5100
32714
20710
31259
22731
24064
6657
13516
8945
23584
10283
5621
27842
1549
9860
28614
1274
24482
31055
1544
3731
29953
23797
16651
14312
17704
30285
3295
27930
15046
14362
14534
2483
10060
16854
27370
19849
29766
7086
31820
6374
32492
29645
20733
13285
20980
16605
144
9503
12715
28107
25295
23431
11844
29387
21677
12179
12400
32669
18812
32669
13359
6926
31840
27528
9701
23489
22020
29606
5552
7727
23179
32473
13561
23533
13258
3065
21065
2094
11188
4726
18270
5512
11029
22079
3455
2299
4228
13026
27660
15919
29586
8692
30041
16637
10312
179
17852
24625
5841
22762
14565
23950
15219
12565
2414
24339
25284
10182
3763
1405
30234
24135
3300
19469
27715
30337
19289
5515
12918
10268
25893
2699
8586
12520
2029
11503
21350
9340
5371
17581
27833
24349
22670
2515
12011
8161
19316
12232
26195
3603
4827
13780
2218
11738
12901
8418
6079
2070
9338
645
7277
2443
19682
28986
19914
23873
31123
21997
14498
17962
26055
12990
31524
15366
29522
18180
26842
20356
3635
13458
10975
6570
28265
2618
12364
14966
11272
22416
755
10950
22923
11760
21584
25973
6252
12995
22204
11207
23538
9981
14052
26887
20043
2026
18810
31086
3034
11563
16682
22599
10450
2044
208
31057
13572
26552
24040
20837
12789
26526
26437
21080
12084
27093
1031
24099
234
17326
32455
30017
17587
32554
20756
9305
10412
21948
17187
29981
10446
18511
13250
26226
13946
30859
7310
12241
32340
10068
9830
21485
16469
31892
25119
18070
28188
31803
31097
10717
901
19588
27730
26233
19837
12665
11802
9065
4885
25017
14215
24795
21717
6265
24714
14925
5714
2249
5761
5106
26114
5656
17070
14167
5968
30203
29928
9030
25324
7978
9872
4843
24933
10699
10695
53
5113
1268
6366
9599
28588
9579
23054
17008
7831
4528
2922
10271
27523
28477
27409
20603
2998
29964
4008
1259
15117
26458
1288
22577
24139
171
8499
30612
8113
27662
9613
5950
14799
13474
73
32227
25753
20057
16929
29603
6333
7164
7242
6194
7476
5743
31399
25654
4887
31031
3645
23024
29621
6201
23527
10527
13538
17092
9034
18977
1938
22482
12812
21596
25766
28555
30529
5084
23557
15883
27430
8765
23023
4965
7954
1740
22158
7400
2473
8681
9166
19361
25427
26544
19823
1056
9965
11736
16217
31615
2750
4314
9775
26017
1452
13398
15910
22712
13487
25267
1048
2570
13447
20487
31956
18420
17322
1078
1721
21807
16513
12381
27011
2386
22483
29553
6244
23192
30594
21027
23127
13540
22901
26119
19633
16898
15061
2038
29688
1840
4988
31153
20217
31709
25002
21190
8213
32176
24058
13496
24796
17868
11157
2650
5085
17235
22694
22140
26811
32552
17166
21961
26244
27898
13656
30704
4159
19838
20463
29698
14276
1531
4750
31771
29393
4364
6649
21573
26201
27810
26091
20633
23583
10568
15183
32424
22148
32427
30386
32281
5789
2393
25337
19603
18569
5577
26703
2269
18946
7324
10082
28995
16177
21538
21711
8508
27079
31520
26842
21067
30281
16592
30563
9251
13227
28202
17430
12302
26913
13410
26337
27535
15922
17586
5291
7750
26894
5465
24643
28437
5921
30692
1942
19585
17384
25772
8486
13403
29188
8096
15799
7839
31373
6724
21067
3996
26280
14074
32337
5461
1884
20865
538
13352
16289
12475
31116
1709
13498
17843
12058
5345
22725
23518
6900
9860
913
7841
25210
5311
3503
6164
27639
24330
8652
3334
23180
1869
14398
23105
1642
31045
28892
14094
17732
298
16147
252
5893
5519
7222
29918
2750
30857
13334
30995
28642
29715
16339
23818
10165
13745
753
12804
11010
3412
7854
8476
6156
4990
12179
25221
23752
31398
26954
14868
20809
4062
9391
7422
22140
11955
5161
25826
19733
11349
4667
13322
30921
32248
15958
28398
9150
7801
23538
28409
5696
30533
10205
21136
14005
20599
6098
3665
26067
3136
14413
9112
27408
12684
7326
8264
1370
2530
5436
19400
29705
22156
8285
9547
3090
24825
18627
5973
11645
27231
26329
1147
11545
16036
30718
4458
1646
28287
33
20522
27123
29915
10638
12452
31617
19324
5895
23138
21768
13028
7191
21399
8577
12664
20387
6495
25635
3551
11458
3399
16346
18603
13775
23568
21237
22843
19900
16816
31518
12767
15272
20122
5520
20286
3252
4671
3972
22261
18451
20181
23276
2433
10593
6743
7012
2911
21814
4301
8038
18801
15354
31693
31165
31908
7931
4930
20284
4304
27580
15212
11439
29408
24977
25640
30994
2610
13672
28018
22529
24897
10218
13608
4208
16769
16835
12816
19356
18058
10813
16413
16449
11385
19476
494
7694
23955
15494
31640
19798
812
6313
19109
22280
7624
19713
8029
2273
26751
31570
23364
10720
2982
29363
30947
21243
25259
28132
8395
16400
22849
3041
4056
11550
9149
14007
12979
5045
22208
27799
6810
23723
8727
7977
12132
23057
13023
7458
17087
7525
237
14873
26813
32265
2925
10391
14735
25588
18632
14957
24720
10920
19916
31562
7301
12388
28679
22924
5410
26010
26483
20823
10705
28835
13145
19940
7600
14770
18031
13596
17624
29447
15939
20838
5861
29029
10717
3517
19123
26821
9120
14341
24421
24908
17010
15775
13996
30843
9757
5691
9286
17062
8948
20717
5828
24743
20665
30596
15761
7635
190
15383
20528
10797
24395
9440
23237
17626
17472
10829
13271
27349
30459
31573
32596
24036
27004
23561
25301
6091
11975
21099
20260
32191
12426
5506
764
26653
26624
29358
11023
21084
7701
7482
17229
18241
30411
7216
7524
23889
19420
19057
12419
22412
6817
7428
5732
15960
2354
9135
22921
1212
18127
30660
30918
3534
19327
3390
17407
9839
15094
6668
30259
18229
28348
1965
12473
12969
27532
8957
15306
17331
17915
32335
12352
82
14938
14779
28317
17552
31708
9658
1871
6582
32508
29680
30771
3516
17177
27208
25431
7939
24419
19526
8964
4167
22267
28313
24316
14543
30806
10480
1792
9446
19427
6671
22165
6799
21997
29218
17928
22133
12226
14161
3248
5409
15381
14484
6259
15471
31393
8905
7819
14659
16143
27652
10634
25976
20250
2342
18588
2585
11249
8625
17421
20948
2780
13786
31499
16299
16675
27360
20140
32237
10028
29085
15923
6501
14051
15195
6287
31953
26974
28904
26404
16534
6082
24557
30158
8881
25440
21115
7203
15089
26916
1255
11257
16227
17456
11736
10537
27918
9156
19614
11922
26849
30817
12741
9312
11498
31790
30186
11150
21961
6810
21198
25257
25699
31555
4777
26583
18395
13335
2497
15385
17342
26296
20026
27597
1661
19749
8752
8311
1057
31128
17411
32704
26938
19882
6386
31679
14872
27837
26092
30840
29246
11675
2722
27298
14356
20315
29409
21422
30940
30085
12831
16132
231
12150
32084
9360
25609
3845
30475
21629
19018
4710
440
20544
29918
25935
3148
13529
3928
15706
3335
6741
8474
21931
7821
3224
13072
19922
29501
345
32158
28658
4798
28526
13014
8739
5594
27466
14575
1814
21648
27844
26866
4600
14948
8730
9655
4504
13562
29749
24336
30411
28899
8238
21828
23056
22711
2578
12479
1136
2660
11490
16903
32680
14021
19422
32242
29066
8055
18691
2583
18081
9960
17619
28034
28692
9904
27476
14764
14540
37
4699
16298
30169
6953
3338
9636
5650
18247
22680
28809
21756
13055
1616
22017
5358
27997
1757
27299
9330
9681
15044
105
29421
7738
27698
18784
30851
836
5624
4772
21813
7924
7124
11148
27468
6529
22514
19746
30971
15462
8626
5590
30016
27573
12716
28019
13323
18862
1778
25937
5538
14480
12692
26829
17732
11951
9834
20982
19212
4295
13
13961
29977
1680
20775
288
23532
32146
27629
10918
1553
20027
17129
10254
28418
14127
18173
24644
30024
8927
26277
15972
29667
27485
4732
13355
2796
4207
27394
16555
23417
5090
31644
20290
15041
28704
9948
716
8321
23813
10243
16664
21662
22255
19908
4761
8203
7188
21067
10846
1261
5145
29822
10820
16893
21984
13955
30571
9518
16289
25986
13030
29073
21820
20140
10935
23669
22733
17788
22266
26066
20865
24380
14176
4072
29865
1996
9439
14883
9485
21407
27560
9026
31875
13062
16730
22200
5056
27313
27509
2386
31853
30066
10769
10523
8574
13125
15056
9341
447
2446
2065
11432
30895
22689
22630
30520
2450
27271
4681
17169
24770
16128
26634
9358
32582
22724
12
23772
17573
28686
27953
16544
19196
11867
2963
29152
18767
22383
5493
28960
28701
922
1145
18891
29751
20281
4883
24021
15314
9087
29245
5279
25050
31862
1900
28955
905
20544
18115
21296
3129
31651
32135
26720
29558
22469
8404
4008
8536
23859
29838
13479
27919
30760
7833
26115
27072
29197
31309
11017
30096
5180
16420
23699
16126
26633
21942
1327
13429
14339
23016
3197
4641
13943
16736
12761
515
27958
5948
6714
576
23192
13827
30042
1471
24513
3291
32280
754
25635
17661
23066
25844
21060
23399
7350
4821
20930
720
28947
306
25236
25057
12171
520
15762
418
25172
18121
7736
51
32096
18608
22951
23484
19841
2898
26348
27046
25297
28023
15493
19980
31313
31783
10017
1900
10960
31752
32168
25251
22799
7399
22139
27416
14114
2964
8701
11063
21273
22003
20050
20769
30944
21840
22631
2977
27492
4851
28210
13155
14583
23284
1595
5216
12022
29009
4187
27549
12457
7486
9155
27925
30058
32444
20033
26099
29194
25197
26815
20229
29040
1959
5389
25454
8323
3271
18656
3995
4427
30152
2586
19576
31058
276
16459
15075
12113
16025
16248
4961
11272
7456
28700
15887
4718
25050
14445
9948
778
15932
2784
8694
16033
30733
15855
29826
23569
22462
4378
21904
5501
20729
812
31566
28842
6524
23999
2171
18089
8744
6658
28191
28343
9813
698
5498
4193
17769
14215
26170
24812
23209
30057
31985
20467
1871
18562
9669
26450
8924
2846
28522
25155
1455
22000
27213
16327
25047
17822
26642
21576
7718
14721
20289
7804
26502
28582
22332
25484
27792
8728
16501
22134
30555
2401
23773
20144
22930
26702
31904
21006
24266
1267
4879
30181
14610
13039
10205
23409
7115
21233
26767
19316
30906
27515
28206
13600
4955
16102
2879
5175
24184
679
13813
625
22523
7120
25252
30750
22273
1242
25209
12
47
16545
6761
25259
21577
32432
9831
3183
3328
21695
15578
13174
15372
12666
26190
107
24699
27780
23913
16042
26185
6076
11041
22436
17456
30143
21293
7557
11201
14766
9401
10517
32692
29745
862
20188
1149
20923
15441
28554
32544
3600
15323
10134
13893
16645
14089
8740
2447
26759
7588
4908
4906
21471
26723
7385
1955
21556
5984
9263
18429
22098
29897
22769
23041
18858
28632
29890
15061
30873
9221
30090
16336
13805
24698
22299
31117
933
17351
4117
19774
5880
16343
22022
14403
23961
6690
27862
29180
26682
15397
1379
24539
24143
26639
28520
4029
24340
9662
8867
11386
29649
31721
25399
8378
30556
18847
1359
23563
5856
21488
5124
28209
20446
23530
24449
27837
3953
20679
13924
22242
22230
29284
20072
27523
2347
30709
8257
9616
18039
3832
15048
21139
30699
18023
20824
30598
29032
14898
2424
30696
19521
4844
19386
13072
24385
11716
7139
3008
30704
184
15435
3581
14610
3845
8327
10014
17009
482
29510
9252
1500
14701
13177
27209
28016
27110
11447
7644
14102
6427
20191
11083
10573
4131
10495
26242
1322
5455
2932
13427
22940
606
5459
29430
7157
2800
12552
4820
10662
18238
17469
6174
5962
22279
5886
29892
28903
12494
13850
29026
20336
28994
21708
6237
26510
16126
29082
22319
30111
5746
17022
18943
11008
4641
11332
25973
135
782
18739
29388
4692
28016
17135
4649
26826
15789
926
14123
21208
18822
586
21443
13693
29071
11910
9542
29835
30435
16213
22464
22699
22805
26951
29580
5793
20586
16357
18721
23505
14405
17999
20271
1026
32226
29476
9963
23651
26439
11170
15014
6091
18040
31247
10917
22597
27883
855
31789
29132
29499
32758
16093
19027
10528
15384
7233
31497
16799
25343
1443
5850
3966
6566
29732
14905
26107
11428
28428
18461
29118
21842
19551
30793
7691
23088
24497
6865
23100
3717
2874
13530
21359
30022
26413
23201
30332
2873
29510
27327
20010
31834
1698
3755
4514
18558
29140
9344
30499
6966
1845
30208
7928
23286
32123
24793
10919
13175
24718
21544
21612
8025
1175
18236
6885
13581
12121
3484
21775
15090
27588
11339
17009
18110
15303
5194
27543
27680
7271
26207
26306
16036
4110
9237
21726
10966
8997
29188
10932
27306
7908
20306
6753
6427
24169
26234
12551
10515
31240
23372
31938
17291
15587
14902
20190
20723
6330
27841
28231
12756
3076
22366
20032
27316
11838
1123
7512
18234
22147
81
16538
14482
4189
19288
3845
29459
21211
1053
24892
3871
11747
12218
18814
12619
25034
17158
2007
32192
5410
20760
3736
23266
7379
774
11014
18223
2670
15602
9807
18025
29885
5192
29378
10743
11935
31553
14654
14473
24594
17836
23275
30971
13714
27373
15145
9340
6562
10566
26054
1007
11432
28245
25972
15505
28413
10462
24186
20444
20805
26571
16809
21164
7932
27249
11154
8097
30546
1557
17398
2244
18489
1199
12670
19565
32700
24813
30124
20836
26514
891
17682
28230
24307
25986
12226
16426
26282
15471
11781
21637
13164
4853
25936
10827
14952
29525
14707
20055
27679
1757
32276
5901
4470
20142
23644
17214
32521
22979
16624
75
4803
7215
26147
7054
12204
19366
20074
25333
11265
25919
17168
30960
25994
16504
11050
8078
28712
21371
20174
16099
4782
3232
23168
10924
1521
25906
14061
27446
10787
4470
2268
3451
9820
29161
28001
16014
9850
10698
18003
13882
11051
32472
11009
13542
8264
26205
20769
6332
11621
25451
521
19979
29862
6758
28706
7913
13268
15810
153
9756
31663
14350
23895
26939
29062
14130
25396
24080
20230
31989
16487
24385
5200
6338
22337
21551
8270
28331
14620
4127
9030
12206
19854
11416
8111
10039
31202
25355
27972
487
23752
10682
29272
29076
29259
6098
1897
21137
13316
21722
14583
13871
2445
5969
23446
30339
7481
30355
9795
14186
26882
5117
18164
30923
4035
24401
9587
7708
22184
31324
18539
3880
21218
32726
4291
22031
8095
12681
16172
24206
12345
20918
30710
14976
4781
11188
14632
4005
13904
4058
30415
4771
2749
18079
20886
13130
2834
16128
7063
24092
2396
31778
8049
30477
20047
1593
23963
29063
24891
25256
13304
10673
3131
22378
9131
25329
28848
32176
10540
4016
16365
26571
23195
18013
27700
24141
16469
1972
26082
30827
7110
14912
14566
5030
4222
32542
7799
28331
25478
17413
22279
27511
17652
13955
24690
15550
22461
31881
23676
654
27595
22058
15226
6704
7759
3232
32591
9551
21593
21136
10906
3163
17318
31119
12334
48
32184
8420
30403
16115
12588
16783
17643
8253
5449
15243
10567
11388
13269
18513
13050
17302
1324
30365
3678
5839
4755
4980
23030
31212
4809
9318
18340
20376
13535
22289
24092
5384
3402
2534
28313
20699
22839
21040
4815
26948
3102
9041
18208
9578
23450
31567
29970
24079
15736
14480
513
8560
3085
31970
13841
20077
17613
16831
3943
27370
5402
462
21913
14709
10586
7084
354
21033
29260
20973
19611
17106
21660
3166
32358
31314
30389
16013
18349
835
8406
6028
17355
20957
25448
24305
29064
10522
30607
8993
14411
23321
3583
7375
19851
26816
17
27583
3719
17574
5909
4304
8759
15664
24042
18745
30594
20986
12493
12051
29617
30840
32623
17176
25892
5085
30026
17322
3651
9275
31796
29975
23736
28908
19765
16155
8412
12850
918
17318
22894
32282
26170
21216
26507
31910
23346
24682
16090
10026
14731
24039
26120
5879
28010
7868
23412
10039
8796
10515
12843
28184
26599
6182
31510
20781
1125
29626
20082
14609
27154
8425
2433
10317
611
20517
5247
14715
17305
3194
17624
18604
17559
20499
12184
19464
17136
16896
35
8116
20293
311
10022
18681
5070
8408
30157
29858
26934
14773
31031
13477
11692
13585
10791
16646
4663
13480
17660
16377
21065
15344
24035
22855
2456
32415
1355
6386
7209
30829
4249
25884
25773
12827
23325
2853
7441
22452
4933
10260
13649
1043
26641
28728
3213
26021
10951
6671
16478
8304
14568
28774
1642
4436
16994
20418
17462
22161
16391
4863
22844
16778
11838
13111
20286
5577
24569
7909
25817
14658
32231
3146
9821
14812
1514
19216
2268
19501
24267
22830
15233
10117
21549
16139
8995
25391
3775
30438
13338
14579
23734
25461
7762
20703
24187
6604
32670
31304
27552
641
4174
30219
17433
5646
32259
13848
25001
14454
26818
13874
32154
30764
13896
20976
7857
13360
12189
15368
17249
28027
7404
31436
31807
18333
21394
3573
2742
31909
27253
8608
22524
18497
2199
29334
22596
3622
491
18384
11830
16306
13927
9531
8860
17616
26458
7096
17502
27677
30464
23143
17584
9801
18003
25893
25482
4287
9509
5203
88
5000
2156
16858
8948
5740
31453
18283
4305
4443
31676
12812
17017
31756
16370
20176
19769
24804
2400
29925
5402
5913
2163
12500
23316
26647
31736
13573
31615
9251
818
13186
28874
27198
22058
1276
28271
10060
22599
16659
10278
4213
14622
11218
6490
7372
6027
7289
24793
16942
23297
16768
1231
31085
14110
26072
13045
19886
3459
7028
20742
31504
8674
28424
29043
24719
21592
2321
87
18727
22014
24597
15533
20540
3003
24620
20929
25913
4956
11199
9444
12920
7910
22928
11108
27490
6698
21498
23739
17879
20123
15739
5383
8912
31069
32367
31674
10818
1950
24606
17043
24134
27945
22777
20685
27000
18744
28193
11926
11420
19850
20009
17602
20360
7094
2333
17601
22846
3263
2499
19662
4952
5864
13344
7274
15529
17866
19774
27913
20257
30883
4141
17163
23793
23281
5192
19181
18672
19264
26809
5825
24125
9280
2368
20443
2854
7194
4144
12494
17225
11780
18874
23447
19705
16916
3181
24599
32228
1873
31486
1735
10994
13328
4933
13223
20336
8318
11913
30071
12141
28537
22269
5418
31076
14756
5770
14744
11036
28346
8911
29555
15821
24866
2663
17788
23940
12228
18282
31990
12232
540
23350
28251
28030
19084
22383
27215
21514
759
30788
32466
12727
6027
13300
22713
4441
29662
25489
22879
18737
26173
26885
13464
28944
19777
30290
10982
959
17314
23070
13296
12191
15952
30062
11567
6797
20672
16050
24811
7432
2948
30210
31078
14486
10527
28327
13399
19811
32023
4573
27289
21292
22860
32471
16421
6491
23943
27652
4158
21108
25942
11665
27115
28335
2072
1327
12458
2535
24404
7958
13667
28850
1871
24649
23451
210
3549
27164
7914
26828
17271
30452
3247
2774
8846
29775
1538
1782
16671
32260
24042
12393
136
7883
10192
29250
28570
31231
18996
26451
4847
17059
10655
10576
1917
9124
32729
6962
13164
32093
13147
13018
31013
7264
17159
1527
8364
19828
6679
7721
27439
29402
24660
22631
1247
32469
6792
21406
18686
30569
12085
12954
3129
26466
9095
13610
24889
24728
9352
27775
2933
29554
12435
3798
5194
16297
29963
11863
13901
590
13388
22332
4832
17679
18402
22837
26115
4790
4858
16395
11373
21746
30997
16260
28636
16218
11524
5768
11689
27567
27664
11649
2975
2913
31097
29704
20237
21077
28194
16829
18970
32486
12426
15990
13145
9002
10494
5533
7069
4982
1549
30931
30223
7716
9533
13785
26237
28819
29692
25521
18933
19824
23769
27392
11667
30772
5364
28087
10135
31214
23987
20978
18106
9027
3767
29729
3011
28595
31759
17509
8533
11806
3243
21309
17931
4742
5395
4449
7367
5398
19033
18158
22342
16995
24907
1476
28408
24819
11758
6956
24591
4092
22312
17599
6870
17261
29373
11395
8005
16690
7549
28758
30418
948
25531
14480
137
9632
3584
8676
17247
15082
9729
32391
15044
15121
18383
12948
20855
24740
4942
12208
32414
8709
20968
21482
14614
10093
9346
12260
13576
25136
19887
30776
8125
10563
27684
9749
19891
32507
14701
2857
3824
25623
8414
23748
7574
23553
17099
31290
23224
1617
14332
29321
19820
29075
10587
3387
6177
2890
4080
23182
22579
20789
12559
3795
9149
10192
10960
11540
6575
31262
9408
17657
14368
1702
30934
18412
27877
32187
26793
14716
5218
21761
13023
16127
23200
29741
7401
21116
12960
7948
17646
7368
22511
16583
20484
15086
3707
31845
18598
29396
5285
9873
16739
6940
31639
3230
4051
14921
23000
11464
13263
8483
3101
17341
16097
1116
30819
21340
20474
22899
1850
1724
30563
31449
18276
6000
5878
22355
28574
6153
4750
12447
12990
18397
25788
11610
6654
21511
27580
16929
22936
10671
679
13815
21395
15756
15081
17894
15580
27814
18934
11241
6296
23137
32569
3338
32185
28599
22093
4808
23247
24517
31088
13243
11297
21897
18485
28539
22525
12010
13945
445
9548
26872
6039
20671
105
8566
10720
6887
564
20886
30277
10151
28002
9731
22615
32675
5655
6180
17010
28694
26550
11424
4660
23921
31992
31517
2356
10566
32315
25422
15857
12133
14877
4908
6409
7749
11338
17027
12972
11941
26258
18353
9295
32370
4159
27050
8869
4844
28581
4928
29643
17925
12794
19362
5571
8969
25960
6178
10531
30340
22881
11067
29710
5473
22835
1234
4452
8015
29916
26556
8246
16489
19487
18561
1917
13845
4055
6495
8715
6956
11660
6034
26305
16220
22852
32211
24835
3531
27035
16415
3433
18173
14870
13497
28343
4600
1973
20082
28432
10406
31687
19496
24934
9082
22786
397
14133
10326
32467
7465
15985
173
14067
4003
31677
23269
315
30780
29917
15103
20921
15004
32622
24185
29955
8657
26580
6003
3787
13461
1141
25362
26292
7887
2341
16162
30564
21597
12000
767
29659
20753
959
16309
14083
6649
30501
27494
20872
25572
30265
23532
10729
801
11418
21696
25296
2186
15694
11290
31647
12226
2043
19290
24395
698
20057
3751
21869
22138
19943
18390
2454
1310
8669
26765
7395
2334
354
6056
30162
24019
11776
13787
16980
18743
9813
5529
24612
29421
28939
27189
8022
27777
5130
12872
4915
3824
3051
8530
25924
20843
22448
19620
24237
32088
27827
8061
7101
25498
9949
23155
7618
30482
2328
8724
12066
28773
25095
24782
19879
24320
10484
12
3867
19290
9994
15522
13333
20089
16580
6763
23826
17080
29605
15152
5575
29127
23594
7372
10934
25587
22525
654
32000
13480
6251
3551
18554
4148
14616
18981
4098
16077
12017
12263
9236
24790
9059
25393
30616
16478
4042
12602
14078
23530
11565
4420
21901
3700
3112
11460
1272
30899
26921
12995
19251
3997
4320
31364
10884
29739
26864
14695
4061
30812
28907
20493
31593
30076
20349
29373
5989
22438
16359
12550
12593
648
29615
8358
18599
29542
15510
12203
10667
17505
4811
25048
17411
29946
19294
32074
13674
7122
4855
27228
14815
26035
200
19143
30275
1492
21952
3086
20771
31577
15362
31001
19923
20506
6805
3871
7612
13477
20829
6602
23542
7558
29002
23190
10010
17862
17615
16251
3409
15025
15510
27851
32433
21724
5234
7773
14794
16999
17557
9195
26235
1664
4867
31929
21259
4648
22854
22135
1908
23098
21091
29545
8962
3753
1294
15301
14365
22281
7706
32349
6755
14417
20275
9341
21243
2015
1487
23831
12069
4028
3682
797
7445
18466
30673
17199
19201
19003
19242
17526
15481
24620
27538
22736
18935
22098
12927
30765
16055
29131
7207
2873
2248
12345
6200
18747
12132
13506
21193
11580
893
1628
2448
18029
16024
839
16726
26563
990
11738
28585
31460
30576
13955
27857
31302
24572
26378
16901
22165
1678
21269
10206
19286
18600
29169
18699
26315
4244
1423
7495
18710
10233
29389
28808
24224
6317
28407
27257
6588
4042
9870
10795
28552
30468
16712
18951
7188
14393
26455
24584
29127
24394
11246
20007
14334
3626
258
30486
23797
30516
6222
11056
32491
20930
21913
25009
4225
31995
13883
4642
7268
17644
20958
16920
27691
32219
22658
6942
5763
27095
12740
7408
14473
7316
8543
16362
24183
20854
5363
7103
24451
26604
32517
26222
12548
31231
25415
24434
29911
16683
30746
31545
18177
15725
338
25304
3733
21149
18489
7165
21977
20478
21718
27941
28068
5652
19567
21007
24586
20149
6476
5232
30267
27491
16318
23784
21929
24025
1120
20533
30825
16100
18333
3239
1244
22388
14962
7123
18574
16371
20597
11404
23134
2517
4887
10511
10208
10097
14886
32126
29183
1551
11670
8848
31975
3650
21632
16518
30498
32376
21867
32353
23552
21455
11211
20818
21821
13610
14023
24690
24542
5253
9535
20659
14428
31365
25358
3350
20996
12371
27532
24351
23966
15275
9559
27527
9037
24880
11092
26416
13238
8451
9968
6238
13412
24979
8108
30755
19307
15543
25560
2075
28236
8954
28318
12378
6169
18741
28483
14755
10970
5220
21930
14298
46
30642
2074
30908
27958
30934
9792
19150
15790
20130
32120
12435
27229
19929
4680
21506
3760
6210
25389
20023
24994
16890
18587
5993
13790
24846
5695
13084
17704
15177
24967
27800
19193
1611
4452
14233
12905
28123
6991
2376
23378
21631
4490
15722
15027
585
26280
23512
23122
13811
2639
21039
31654
19503
17213
30152
25075
28984
27273
25067
1975
4269
27691
1599
17221
30623
12479
31109
7856
23785
21638
25734
26346
17343
20398
6474
13869
27786
29651
10891
32154
18419
25285
5993
21025
8254
25228
24416
160
27866
12969
4726
11599
1078
18079
12729
603
8150
2482
29672
12753
26277
4079
17009
20158
29069
22636
667
16789
32325
1233
32517
23504
17514
10775
1359
20186
8402
7824
3095
2605
2845
26920
29991
17591
2444
13802
16364
13699
5911
29638
16427
16277
12217
32657
11503
5398
30479
77
7110
5553
11553
22699
15404
27708
25984
20942
26440
12187
13457
25426
22486
2785
18216
15501
7781
12473
6232
29460
9666
7685
14730
31361
23476
28612
24781
18804
20969
20537
12653
20440
27441
16202
29383
8808
26858
14886
10587
32625
27835
1578
17955
4313
17030
8966
24612
3936
1687
10267
11330
11046
31778
4392
10072
23918
10220
15910
9864
1953
840
10864
16848
918
23365
7975
19678
2320
12326
25813
21030
3208
10514
14416
17457
31533
28685
1762
22840
30762
2599
13734
17649
32551
32755
30773
17577
4114
27195
31362
12691
18463
14066
25091
3424
3085
14954
27154
15631
10156
24776
8082
26119
1692
5044
32725
8547
27223
10325
32445
31117
16753
27004
14370
26126
1055
4639
20596
14756
14839
19466
18594
13973
3318
1745
18746
15684
3527
15113
10449
18690
3394
28087
12709
12070
12084
2057
27265
21600
6750
22340
26337
19530
27072
18686
25175
5952
17175
14221
11053
29298
13988
23231
8268
28215
19503
12492
18012
16037
24908
29576
14381
31326
15581
28125
30294
15276
31704
17785
23068
22481
15178
3268
12181
8344
9116
12565
15117
25648
14613
6437
11688
7994
5537
1988
19785
5409
28625
5834
21427
17066
4898
24145
18670
24268
11650
7201
23789
24001
5648
28524
1133
10845
28964
31932
23840
2463
21903
3625
7435
23686
22308
975
4396
13349
6775
10367
28513
27642
21988
16053
32645
15996
25555
22986
24540
2035
19003
22379
26801
11148
23397
3402
29501
20141
21491
32531
1995
24198
6688
12450
14106
5097
585
26739
8963
26971
15533
30298
31323
14187
20593
21108
27675
27458
18407
10333
21950
2940
29199
8867
12523
32566
23902
2683
1108
19304
28607
4019
23518
14966
16344
19688
3074
8705
5006
23545
17523
15107
10187
3771
13825
16411
9598
8175
20413
17957
26596
28785
22366
782
30727
9394
24803
30438
24964
13927
27002
11063
17552
20099
6561
31894
18749
31587
29323
8823
22522
5961
27333
26950
15193
29452
15897
21171
3862
6414
29875
4173
8276
15469
25986
3154
9001
10366
14305
29893
24925
17527
10359
31938
18031
32619
5467
18447
27865
14460
5500
13555
4245
30540
8001
30795
2784
2228
620
16346
15166
21433
14660
20193
446
31419
21747
18671
11903
7408
2349
7931
2675
19473
6930
21168
23907
2643
14166
1032
5428
25753
29599
32028
29288
31976
32558
12347
24040
6427
18114
23609
19456
2520
4025
19209
20651
32194
20089
24206
18705
5360
15374
24495
15950
18591
28436
17322
25973
31523
31704
23466
24788
17444
24506
8859
9850
19718
15318
7485
12279
20905
8931
119
22371
6483
32346
4591
1442
31722
20187
30423
5605
18279
19406
25866
4724
6535
9798
27223
11948
451
29482
15900
8771
32643
150
20759
18900
12431
6783
3962
12439
17350
662
2365
26479
1042
8047
29880
19755
3995
9955
16241
11269
3899
18355
8499
20591
563
5741
25952
32016
29212
16788
24199
24585
8992
20731
14393
28028
5225
29810
6937
17231
25818
9636
22323
31277
28669
8512
2191
1998
14141
31575
27141
5753
27478
21254
19026
30151
10761
26964
22380
2217
17428
8029
13331
21676
8033
8113
2985
5756
2430
14071
6211
32679
3661
8150
20224
420
9981
17941
9882
18964
21816
17664
11322
21575
32414
9486
23185
13314
7283
7362
26404
32128
5012
22735
31207
28342
18608
3967
782
15836
17588
25429
8992
12584
32135
22770
22861
25565
5880
25653
27649
23684
12277
20646
16313
22649
4093
2325
4118
28842
18647
638
16175
31644
8325
20016
12076
20655
22388
5934
23057
20642
7925
3798
7127
22361
21489
3264
25281
31454
20951
26089
14829
15271
29146
16145
25130
2583
2650
24161
27913
17734
671
16465
3639
5893
20173
29641
5897
20765
26644
390
20569
12248
5416
25280
9873
9667
5873
19210
23557
5297
3459
18809
13702
6147
10576
1288
21811
17447
31900
6203
14227
32607
306
20483
1761
22468
9814
20962
14503
31370
31482
27983
10639
12421
18485
7260
11125
1004
12272
30614
14784
29534
9187
8493
18419
22050
18624
27477
24191
21939
6573
15851
31196
8316
24568
32604
24535
14816
21254
1219
24366
2941
29837
19793
11610
7090
32003
3314
22188
3422
27735
18989
29851
19691
4830
4940
7773
3724
9872
3774
18356
450
14452
27321
523
24101
7769
28708
21441
11617
9415
15539
6597
30335
7477
26708
10083
11878
7292
6602
6237
4513
32140
20119
2366
19298
31838
23072
10731
3527
32042
24588
24187
32605
21465
19949
25160
8675
8125
6178
8518
5712
3968
15868
15252
25111
8538
22815
26449
6569
13191
15403
9393
5179
30969
25756
30800
3274
9802
17391
8134
21597
27380
9223
29819
31115
2756
10958
28861
2364
11148
16671
2831
19636
11033
24804
23492
10445
4452
3707
16589
643
29452
351
29648
19638
22532
16388
18042
9004
31369
13058
30997
5846
29272
29558
24413
3924
8221
22693
18319
26042
27950
2275
22468
7317
13177
4532
21885
22825
25020
19248
2943
509
12276
2732
16865
9882
30743
26774
31843
5263
1797
7585
29441
15800
31164
15138
30920
21440
31436
17082
17641
15589
29708
24886
21004
17915
2186
20659
18406
13748
27336
9734
8974
9502
25381
3419
3852
16749
6809
14875
9907
23291
32165
3604
3762
25997
19338
15316
7781
19928
9658
26709
2801
18500
13196
4064
18575
31983
11827
12843
5672
13557
26865
2501
26403
27887
10632
21171
8059
28857
25842
25692
22036
25721
13393
8866
4431
24284
5673
2642
12764
30883
20429
23742
32719
30047
791
11944
3574
27000
19548
24162
26474
372
31903
13620
15205
20086
17413
14334
31571
15365
24713
27422
7980
4879
9457
3476
1024
11822
27649
3940
6356
17193
19438
18236
19884
26046
7702
11095
30953
10143
12013
4513
9941
31162
10811
15132
1917
12989
6021
11906
28351
24282
31432
9772
6819
15560
28014
5426
13295
3082
17274
2004
15605
4211
4358
25369
25264
28394
9199
18357
25615
18283
17871
7216
913
12366
23083
581
14098
30412
11502
15241
2533
18623
1302
16717
25890
11177
20398
5060
12865
25848
30460
1129
3048
14216
14843
32667
28930
6762
6156
6538
11793
19684
9448
25175
28869
27576
22745
17783
14797
27561
12586
30809
8429
7484
13531
15432
8017
7612
12698
30610
21537
22912
17647
27114
30549
881
1463
11
28363
9670
25043
2718
14742
12306
1057
23646
9626
9857
22187
4986
854
22110
29983
4666
19456
13273
9088
27366
28119
17672
7450
17124
12981
15915
20411
28960
29923
13108
22304
23473
5682
647
19630
22713
27975
23806
16227
5772
7479
3888
26635
20245
2900
28659
28087
19062
26438
6175
20075
29935
31069
18325
16407
3073
11045
7040
7624
9939
32315
31195
13600
7636
25952
22068
2052
5538
13260
13231
22164
12587
5828
2125
1376
12050
19823
25966
13272
30292
4838
2453
5893
22059
28298
16236
27767
32050
24218
11784
6527
27594
4357
32365
19102
26045
7804
31317
10044
10018
31692
2093
28061
24705
5483
10337
2834
15927
18768
22489
1132
32539
13064
31684
17078
24161
32263
14996
6180
21695
12860
26185
4422
29903
12008
23539
26241
26293
18351
31858
8640
18177
14320
8833
19559
27863
24658
14835
14729
23373
671
23611
16474
25108
28630
5682
31463
12635
23675
15125
23812
25840
20274
26829
14214
19112
23948
8564
31667
26626
11041
7700
21239
775
24287
16050
24281
12916
673
15243
13612
14619
259
31645
27786
12423
13685
13417
19710
18143
17039
14072
30977
5132
8869
3612
8872
18974
9882
20984
8475
17644
22265
21698
31305
15611
27457
3272
13530
8610
19329
24497
1637
24171
20517
13062
12772
4027
13328
26097
10853
27318
27883
6212
19970
23645
23996
25276
19730
9209
6074
25736
4513
27837
7520
18949
15134
10919
23488
12492
596
16039
19994
3310
6556
9731
32685
29566
23888
14586
24525
28240
26754
15528
7222
15617
25070
19497
30112
10039
5422
23809
17043
17450
11309
25275
5245
23396
7390
21969
13058
17093
7982
8652
24979
24009
16183
16044
9026
8718
24502
31114
28884
17680
16575
12412
5400
30519
24239
1465
9080
20501
15715
19966
15566
20456
29607
15920
5753
6759
2801
7234
30639
20155
1872
30553
8468
8395
11167
11054
21132
6076
19966
12980
25422
5560
20611
3580
8251
3311
4652
16213
25709
1500
27672
9143
8210
23242
3831
10850
16763
19606
21696
12226
13424
21686
23202
32662
27591
22650
30524
16977
10549
8594
24848
22976
30563
16337
6453
28910
2628
14385
28237
17221
31143
9494
11191
24309
2568
11223
18694
26266
30636
27514
11697
5657
30701
18623
23819
3786
25810
15201
7798
11997
18146
152
30164
30710
12602
22242
63
18715
9182
9987
2298
28624
26701
15946
27303
21632
7256
32279
4282
17951
24371
9370
11565
10510
21709
4829
30326
3391
29533
13317
438
28569
20285
27093
3379
10910
22780
8819
20232
23115
16815
31599
7195
14143
31111
5633
31568
11552
31913
146
30972
12347
25145
22910
20125
5738
25016
3865
13000
30523
17041
24816
25954
22350
27118
1617
19475
8959
31440
7693
13048
15429
15455
19324
1432
8154
14975
9410
5146
26013
21667
22097
14517
8244
12006
8111
29031
24565
14680
3450
16874
23815
16789
5289
29156
3268
17053
29460
31582
9826
26335
31031
15735
23251
28823
8498
18265
17385
31834
5909
20333
20158
20975
5723
10955
9555
14177
16564
22773
23415
31314
21000
30660
25323
9106
21944
13218
2755
2289
16679
2042
3599
12625
6009
25581
30139
16127
31386
1863
20916
21571
19842
11185
3404
9781
19384
20008
25312
12755
14869
11437
12984
18257
5323
19518
16686
24496
24230
6918
8211
28818
30097
721
18254
12877
4187
32706
8390
3134
18875
3912
2947
7008
23698
2894
6672
1820
30065
17842
4131
6243
15707
30713
25471
18171
460
23361
17434
12566
7673
31862
28539
12585
2394
8393
21351
1531
12134
20062
17340
16637
29854
19781
18333
28377
3276
13484
16847
11853
1677
22611
30819
10554
12301
10816
16278
9208
14610
25779
19445
5869
13884
4188
28613
1630
27019
15052
18337
3204
29729
28970
6757
18915
21833
21287
28747
12247
23225
21043
9556
22896
26132
28914
31466
26239
11187
5865
27843
3313
20133
19582
19720
21596
32244
29471
27575
12248
30506
19905
19782
27152
4628
28044
13449
6041
14790
22228
981
898
30431
29260
14694
18988
28431
7798
2814
5723
32214
30046
25807
13454
19086
6792
20379
28812
32683
9511
538
28992
1858
31375
8604
1734
28872
11501
30191
7878
25629
12854
5251
21249
17864
1885
18124
17961
28805
5065
12264
17142
10237
24838
30082
20854
10452
31419
28662
13989
31208
2780
9653
4669
25304
1568
5612
3791
11204
31926
5728
22547
2644
25396
18588
19325
24572
26576
27215
5904
11646
10194
1264
14967
24496
22857
16547
7762
22911
15613
24160
13774
24372
27814
7506
24184
18166
22875
3965
29267
4752
3661
8612
16423
22133
2997
23146
24093
4609
19979
5303
2697
23810
21881
14685
3847
3703
16783
15356
22985
16536
21816
24355
16687
22038
30445
951
9624
25763
296
1945
25977
10421
30492
30595
22444
26247
29091
6195
16394
23649
22648
2764
29243
10778
15270
4217
5837
20955
24896
12627
18052
13861
23379
19077
28657
14614
14873
18349
15174
24808
11887
2950
24681
9658
12425
19397
9031
19603
32485
25664
27243
29604
2429
25941
9167
13261
7489
24970
27634
31587
25540
15985
11050
1585
2870
3279
7484
5820
10898
11260
30506
21708
13848
15501
8012
29991
6142
9777
11170
3744
16739
13529
6761
16464
18308
4380
30956
3364
24882
6105
27805
4248
22660
21790
21092
28865
17609
9800
26679
12689
8384
18284
13547
19799
4364
20470
8778
13957
28386
25232
32101
9910
27397
5190
20780
24303
23796
20199
20283
15653
4705
12974
15095
19200
13030
15137
2778
10719
3060
11066
13323
28
22796
1221
21554
19345
23601
3849
11658
15707
23197
12458
10552
733
20915
8398
21467
8200
30773
13183
2148
16090
24503
17745
15656
6181
19027
2628
10035
22930
2207
17387
10207
11493
29660
8910
14502
17539
22640
22286
18741
4401
25751
5191
17345
1310
28501
3258
11166
2084
11183
10156
2574
331
7194
30473
7511
6543
23092
12365
32280
7139
1714
11428
11996
5749
30105
13392
18928
8500
27314
6476
16754
28048
31287
25903
26027
896
25043
7762
9631
20426
28106
26677
15841
26495
15987
799
18860
9412
495
28421
27184
216
30229
13741
30762
20307
18092
8212
29623
16044
7133
23308
9834
16894
27879
20265
11164
18444
27413
12254
21251
25474
6382
1508
4487
18558
25003
14555
29776
17230
17646
23604
18980
3196
27312
17230
30448
7687
13179
8415
9636
28148
6362
13718
19524
12805
29199
20991
13884
4297
28931
12198
2293
25557
27523
25983
30373
28496
17576
31621
4971
12981
2711
24994
155
14036
7275
19919
25175
32026
27760
17788
21343
29715
12946
22066
19241
5421
8981
16759
10805
4031
32134
8178
24731
9545
2033
16335
25318
6910
19028
16997
24868
25727
7764
15638
29758
27626
26415
24951
13702
6931
1522
28849
29839
2577
24044
32296
32577
30461
32098
17754
12332
27382
16004
5897
14109
12392
29856
8604
20463
32398
31126
6339
23460
32310
12172
90
4021
3013
19170
7824
12197
23162
30824
22856
1244
23799
13263
703
2227
5885
25182
22895
29900
15479
1510
16180
11684
16826
7160
27566
15211
16651
32085
7654
17683
22881
20902
4404
16807
27245
27502
14688
21470
20952
8252
2567
1008
3532
28965
19776
19368
26805
6001
19840
10426
4681
18837
22203
10584
18886
19554
21196
9984
32122
9339
1303
9112
905
31756
10605
31932
20459
4281
31280
26967
19380
15829
25015
30064
12696
30421
23283
28743
5038
17924
17747
161
28276
9080
12262
21344
27924
14404
24512
6230
17125
25071
5534
16731
15925
2597
22221
14237
30790
9901
15687
31544
18070
30107
4896
24839
20835
18887
15648
25273
29551
31613
14514
13607
18177
20854
12540
6372
1068
30215
28496
6422
5203
19609
10947
11397
32493
15193
31515
27890
4998
15665
29423
22698
29958
20470
9481
21083
27190
4835
6415
21285
6016
10566
29539
756
1527
13689
21575
11022
7063
20
12869
14056
26829
8033
13262
14142
28474
13072
19489
7010
17844
2092
8046
5333
15757
14670
29243
22804
27928
7953
10248
13748
17258
9413
5422
10929
2398
21864
10253
32516
29660
13522
11622
883
11098
14639
13318
30637
27810
30898
21413
17814
9942
24456
23309
1760
15026
523
10623
2267
16146
24377
14162
17038
28340
10084
4573
28934
9022
23338
20119
19950
387
22184
14717
5216
15106
7403
17076
18427
2223
30631
28528
29238
17143
16172
21012
18931
15102
24213
19867
31064
14635
26691
10294
30170
17638
20106
12598
7834
6560
5289
32301
5365
27924
3072
848
854
27341
29053
2848
17999
2281
32600
20810
11241
6684
18176
17611
15672
16632
26453
13655
17970
10347
29463
28668
4033
9609
7070
3843
22
9867
29644
279
5441
4888
24385
2985
28158
452
461
19602
21714
26327
17195
32506
343
8271
15084
1913
980
808
6321
2941
3857
19930
23709
6124
5226
9252
29706
6922
26145
30728
3707
13724
21497
1047
16082
10062
30208
15086
15556
23122
6572
20481
23177
21066
1321
15767
728
616
1266
27670
21266
20179
30623
24193
9662
15693
19453
2111
8501
6420
9572
12318
7838
3589
6725
1175
32029
32519
16643
17748
13640
7079
32516
9711
16603
30976
19975
19965
10924
12766
27576
6731
23265
21027
10113
871
29536
4457
17060
19810
20615
8424
5767
25813
542
4250
30030
3362
20617
3998
30895
17404
8770
3035
13058
32298
21895
29925
30360
8583
25168
9764
10062
24654
22660
15411
19042
22932
3692
22918
18565
8982
4968
7760
5681
8245
15073
22435
13884
19007
21374
10713
19118
19952
24219
14900
10192
8761
23543
7105
7557
31807
32172
898
27357
17575
22629
1995
4072
29201
25547
28397
29128
27874
24384
20754
1290
24647
28368
4456
29239
7287
1124
29314
26789
28216
26937
18939
5011
4004
31633
5980
25973
5677
29865
575
11661
479
19178
949
11195
20965
1123
16102
5782
16975
3447
19703
18363
5906
26579
49
614
6224
17828
25183
2111
9178
25862
29303
28790
30708
16319
25981
29969
7000
25389
28325
10885
1661
1149
21176
21892
29208
9502
19128
21271
28388
23413
31175
18156
10910
5075
31301
1009
1620
23972
17977
25378
25056
6377
32498
31902
16560
6120
22510
30465
11208
2337
10490
24814
29961
15749
27547
18667
16307
7907
10157
1906
29225
27299
4938
28484
29940
1206
27117
22529
25355
30413
16087
14070
3921
28617
20146
14902
864
22387
5237
6636
23429
19054
9607
5103
9227
4714
6439
17815
7101
28313
32523
22480
32678
16487
10567
12652
17435
28774
19825
9150
24316
8071
16643
17764
1846
30864
21760
28516
3468
13770
5339
4219
12952
12026
27796
19121
7692
915
31268
3889
23358
13610
3611
11352
32484
17962
8072
524
23067
12489
14105
20559
24239
19003
5507
21523
6294
26149
6436
9808
24765
20052
9959
4437
11528
25263
6761
20572
8596
30058
346
28000
18239
14205
9765
12595
2922
18773
11731
22987
27901
17353
19756
2780
31404
19791
22816
11437
1657
3952
13926
11556
12922
8313
27747
22306
15069
13684
24397
13335
8489
12374
30096
11213
7366
24186
11377
22152
29888
31566
24561
13649
9928
19277
18932
17551
32636
25389
31906
7383
2024
28505
23566
5637
27724
4001
23317
8332
16415
6960
32650
18698
17237
24767
29072
6688
3294
14089
6726
20608
15983
29055
5546
5447
9604
3388
31671
12942
28070
10811
17617
30267
18409
9416
19811
14109
11194
25396
15559
12345
5335
11213
21350
9822
25247
5901
25632
3072
15500
29202
31982
5955
8190
9550
709
32341
31546
29568
17598
19969
31154
9443
19061
3713
25991
29349
25006
10900
16972
18074
12095
19665
1293
9010
18218
10043
3471
18345
4105
22805
17626
25725
30127
26360
1269
29733
12044
31010
11761
3072
6993
21521
3112
14732
31317
16209
29639
16344
1079
20114
13706
18748
9286
16637
20679
24903
23325
27336
1710
19193
3090
23816
13007
1842
14802
16327
3293
8043
30277
4695
14257
2212
2488
17893
16785
12957
5434
26193
31155
5961
13382
17726
16125
24192
24995
23397
11279
27124
9097
21550
17539
23910
17157
30593
1907
30490
4766
26073
2876
19592
2105
23195
1666
16212
11834
26791
27253
16000
12268
25900
29266
10209
1315
29888
19500
24015
288
28336
16108
25889
18612
2708
29079
8025
29609
3111
14287
29979
23901
24918
1949
1252
26800
26263
31853
10744
15136
17788
2906
28572
13107
8584
19628
17542
7702
1857
32415
658
28803
20870
9575
7862
1767
31011
27760
5432
12485
675
11498
26142
2901
32358
15749
13799
28530
20211
28537
26232
30387
10638
23754
15449
23511
1294
27594
25633
14950
27369
11231
27695
29077
24209
28550
1691
11882
20227
18328
10092
24866
18076
17357
21260
8656
19759
7294
12537
18502
12374
10671
14012
15160
9733
19276
32543
15007
32101
9907
8603
10588
20959
23923
7696
6686
29814
8531
12473
9093
32603
18839
8798
16264
18363
19838
26827
14868
8668
18447
11138
29429
11112
26901
173
30458
4105
30569
30294
13396
31797
18543
15322
20032
12876
20707
32667
21478
30176
13014
21750
24192
16723
27891
13941
23230
31144
3847
30789
361
5267
6081
16106
17224
25810
24502
20017
11328
192
13735
17510
446
30504
4103
5576
8282
18007
30648
23610
23732
18805
4118
20283
27554
4117
24630
30744
5518
21514
16751
30304
14617
380
5914
26777
24836
1340
13207
19761
29009
21845
3729
28600
12197
26596
12418
13900
10993
3113
30585
25428
18001
23005
6427
8049
27445
10950
1511
24497
9918
21130
4543
31750
13931
2241
1444
2551
18420
14669
32450
20374
28790
12014
16044
25266
7889
19473
20712
18509
3406
17897
10670
10320
30342
5569
8685
27006
4479
5265
29839
18855
6423
29903
8446
17950
25254
3719
22247
26733
18399
12718
20286
19270
26615
29364
13954
27581
1034
9560
3138
6837
31418
31168
7136
8856
10009
28617
29333
30028
9929
5276
30389
30306
19297
16002
1076
13712
15123
15097
12906
11617
1164
8967
10003
23083
10780
18894
6810
15682
26647
31073
29079
8299
14971
29142
3990
11667
26066
24220
18202
11969
1882
13839
2785
2634
28772
14154
17514
20292
20730
31292
29621
26172
30148
17919
31818
14892
7469
8548
17276
28071
10177
20947
1007
28759
10201
15442
31320
2217
5243
23779
20356
9671
9084
18451
25500
3527
3815
27344
24231
15393
18851
31867
10832
1127
26447
22334
14569
19760
15217
10912
15793
30550
29648
15446
14930
17761
12830
11100
1454
22338
26842
26949
12251
3653
32629
24016
26476
27969
436
26811
17395
18705
24149
13788
6596
23880
30965
5997
15099
6433
4913
23208
18880
14517
20748
19092
32713
32369
23696
21790
3873
8390
27833
1643
40
16418
13198
20077
12508
31008
30609
17588
22870
26364
23641
24199
14743
10825
7806
19252
21637
18406
18101
27300
23601
29742
6204
4658
13147
7791
15993
5053
10296
20637
32222
15100
19571
14152
27663
13586
3697
26060
29511
5731
30681
10952
9464
29349
13652
2257
8113
15162
19345
10087
3141
22461
7565
20519
30250
11483
10257
19523
799
1380
5756
13872
19985
4513
5314
5022
26944
28905
693
19373
19358
31087
27779
19806
11639
12894
27776
31303
6231
13352
23078
10636
11817
25370
27226
22282
27548
14389
9457
21205
27083
3129
21363
1253
25372
6402
19743
6412
32616
9495
17455
10027
11101
3457
30813
11174
32545
8665
29349
25621
30776
1701
11853
25661
2728
4581
21283
30526
19803
21992
25862
8461
17860
20068
3239
21541
5830
25542
23953
12154
5841
14535
15719
22703
4430
30272
20589
18056
14141
2367
3914
4002
796
1882
27149
4450
5131
11587
7277
811
17455
11165
5973
18900
32340
13838
9120
8025
5846
2198
8737
25296
11201
22303
3302
9375
20535
23381
7613
17133
1810
29879
15864
10838
20683
3822
9070
3811
20635
16990
16066
12601
19679
25340
24296
1040
3777
29023
11748
17895
25877
8729
27349
25334
20097
28487
1331
13157
3809
26727
32085
27067
13289
13418
11830
17817
19724
31242
25720
24232
23197
8798
26281
7120
14389
10668
21190
10923
1620
29310
29949
2873
22347
20216
31671
981
9049
13416
11478
4455
18452
19743
59
10204
5898
23680
17292
22227
14249
10582
11060
9881
24668
25195
29867
16728
10999
12630
32247
15499
2133
28564
30323
5813
5951
12762
3279
15699
25232
7594
15960
12047
19095
15653
11129
3638
7613
17696
5506
14188
9320
377
27049
12447
9247
23467
32079
1081
7662
12193
24452
23706
19468
25288
25548
29637
8891
29032
18979
11097
22640
26164
10304
24772
14644
28704
30743
20915
18762
2674
28577
9420
31506
27420
1503
27296
31789
11081
18717
10971
24034
24118
27252
20926
7360
2627
8850
4560
19333
14410
21438
3536
25919
3375
3350
24301
2737
8632
21275
19258
12024
3231
20848
16476
30575
21222
23007
26245
21199
12907
21661
24487
2971
31420
1487
1761
22971
26668
19532
17470
14182
13607
15781
18590
32070
21954
17251
17908
2519
4502
7567
30642
30737
28623
28280
3970
10566
10624
13232
23095
9805
5690
20568
12547
7136
18140
3229
2794
30275
17068
11907
17014
24614
6823
4066
25517
10445
18198
21933
5696
21870
866
11386
30725
25051
7209
11839
31655
29792
25489
21850
8093
2287
16349
8405
4440
22394
2110
19943
4289
31137
9195
19134
10210
5005
8051
18043
2787
1052
11346
639
13369
24638
16067
18661
4378
15775
15830
11343
21044
4230
31170
29926
13470
8445
23676
24220
22287
23346
2185
3253
28494
32541
23056
22149
29673
29539
32307
20859
3626
16250
5279
15454
26695
28942
3938
12247
11225
28836
17662
14384
17551
2430
26811
15451
15140
10430
23873
22070
15502
6094
5477
13
8569
13822
30532
15200
2547
30063
30094
5351
24937
7985
21285
10708
24274
8872
17639
4696
21802
29748
26055
21864
26658
