0036250682
29959731300
19307310013
58519418159
0036231370
0036704391
95793505185
95206751051
49650109700
59967505930
45419795864
0036176643
36318216698
0036921793
71917578703
0036599185
62362805717
0036342796
0036698077
45203115342
86405618864
0036596267
0036063669
96933757336
33025849189
0036582153
12598436757
0036804219
16914640764
0036758495
0036961404
0036465955
84377227501
0036643360
0036113278
0036227313
26508843632
22109063323
0036708087
0036309249
0036968277
0036482391
08397036063
0036488971
0036712989
0036792163
86655937428
37499516787
72684001364
68325298210
0036621979
96538176456
0036072972
0036243924
21874473609
63589185802
17541893759
54381634503
0036853473
0036850768
76256652708
0036525650
01549117744
0036112489
55258013188
0036703594
29906262501
0036131669
26660392659
20397533306
84319781209
0036935957
56035543065
0036234126
29003350411
60196434858
93208010380
0036714719
46744420753
0036304379
0036492058
0036624416
61303724496
0036264596
0036298035
0036435906
57006092843
0036912988
0036315714
0036334250
38266311099
15754789578
58565583945
47914473950
0036770555
0036866513
32135921368
25062612375
16990337197
30209867306
0036879832
0036230270
0036567193
0036277911
03858927246
0036841312
0036779988
91111784383
0036267196
0036038314
14407677921
0036439107
0036035121
0036733075
40321017399
38180875856
0036931437
99446548776
22068771281
60267909303
0036368993
47527751547
0036916229
06190278081
85889516072
0036376890
0036627997
33039895792
0036843459
37651106033
0036199282
74749340873
24715197202
42311132306
96862970215
0036739039
82592161857
76706733227
0036556716
39455554448
59903923949
92315136316
39882232354
03933593388
90128909294
0036470956
0036856491
02107069640
57891374089
0036401014
0036028821
01282832304
0036254759
55286756710
0036685109
17517725498
0036611868
0036285085
0036966097
0036060964
99828842127
0036446205
0036132042
0036823782
33502188796
0036654616
0036806057
85966352902
0036363097
73633589941
0036826113
0036813190
27042791388
0036721648
0036326600
0036893708
00029109226
0036732344
88044927751
0036023635
65687282878
0036749772
0036157883
61041650266
0036599988
0036816236
0036592224
0036119983
0036376283
0036654180
0036871515
0036896104
18613743033
0036843840
19703176625
0036134784
18983331322
0036362274
62976438807
24256418678
0036888244
0036360939
71830764334
0036309565
0036382740
0036991533
0036113371
33990805058
0036683810
88061907344
0036654166
47819542906
0036020680
0036781200
0036187332
73931903727
18061916261
0036972886
0036327254
0036651135
0036607291
22099288741
0036109584
68772426823
0036947280
98312928759
0036161068
52406956676
0036562505
0036094268
19065465294
0036967600
0036557811
0036073472
0036834476
0036814536
53583265853
02519773049
05265400878
35021911837
49786012872
03827105095
16795724068
60936532027
0036473536
52799322745
34089507584
0036319049
0036053188
0036914032
59967624345
0036704030
18412479441
0036575718
0036803972
98393649054
44900676797
05342852545
24099046232
39582555526
0036375326
97624780363
0036628851
0036038067
02636966966
45129661155
44085778736
0036336285
0036061142
89720434523
10407150639
09312215115
51629150126
41659911300
0036534818
0036042361
0036556881
0036338452
13943461197
0036680054
50120767799
57235074039
65381585018
0036015511
42632138298
84285292441
58699734056
0036626962
04729874521
0036375471
84549154404
0036213162
93738979229
0036163603
57895888001
52451306628
0036142498
77880492241
28619885714
94759689318
44545706152
0036083161
0036872460
0036362373
0036019059
0036563261
52678187383
12197032151
0036068302
0036563463
10072777717
99412773843
69344714158
0036903859
0036951300
0036903452
32391690703
0036668511
08717565085
68216948830
0036748337
58146211939
0036807002
0036259871
49780661138
08615169496
0036672716
66916124733
99757220850
04667537377
25159573224
0036963370
0036860388
0036019389
35437443827
02722332697
0036968825
0036674112
0036422876
48004174263
0036329374
26447805041
0036255190
0036871892
0036177995
16582541666
0036878947
0036413035
82522710597
0036961408
98171333930
50160402205
0036005484
0036747706
0036662892
60162203249
62655140373
0036627459
77990299518
38938947000
0036959866
00007695111
0036733462
28921350221
87972313743
61309658978
0036918670
71175173710
87214393527
50918792282
0036316250
70398008126
32307058454
99187332346
57240863979
0036429480
0036992180
95583565550
0036073582
17199290772
89765123410
70921075133
0036444384
17747008452
61120991022
0036807697
0036315421
21315415894
49539206832
0036259880
0036105574
84926697443
0036844330
89196636665
0036794259
0036017712
0036279978
0036102443
0036948338
0036720676
39441427364
0036729518
97926153328
43069388561
0036293096
80711715001
21315415894
94469840913
0036619071
63418909039
70359349164
0036967600
81541826646
0036219076
0036617446
02144664130
0036672362
0036730107
0036504499
85450198093
22753140953
00030769930
71052359344
97625235277
69868179751
33311181193
41604517946
98697906333
0036464050
0036176011
86133033152
0036229920
0036716535
52274954683
09996607477
46950911086
0036756912
11959850731
0036016300
0036402276
36433725684
62074999636
23295329670
0036048725
61662262208
42156734992
0036113809
62531441751
0036681360
0036826521
0036916034
0036480773
76453917616
0036300247
37580277005
0036690434
29401194910
0036080272
0036764527
0036999411
0036908363
36822480891
0036385849
0036097576
0036106011
33209211064
35572644100
0036283914
85570526965
58570218447
0036455071
0036488388
51535611481
0036740694
14183425400
99983053085
02156241239
0036195759
0036926946
43813137353
33291599176
53272483772
0036411120
0036739918
04492302691
99594883475
0036561447
0036826791
23352460013
91452476274
0036518695
0036662622
0036625086
0036321535
0036247992
02097426819
0036165472
0036673588
0036599988
30384636629
0036530978
0036995868
07659341272
0036237303
06585613346
74852759349
0036192090
30187651729
40334563342
0036898549
02593112540
0036088379
0036186378
99942765436
99574309007
46586184328
0036638551
66130629389
95129700258
87140904662
0036140588
79528355785
73758109052
63585906230
0036685326
23678182123
62216567019
55868776322
0036170915
95100104474
82907552625
0036600359
0036276764
0036953792
0036555107
55417353744
0036588115
0036789423
77858135344
0036246079
0036379786
66067920433
52257441009
0036580806
0036468474
71300548208
0036713467
0036078679
0036761403
0036880722
0036697206
0036253910
69749436444
0036179333
0036500419
0036399531
0036022836
0036892330
22753140953
85652414624
17677562802
51085828629
0036391277
0036527613
0036925504
34090329629
0036743441
56103405803
0036240857
21023140753
0036646712
0036293893
0036558619
37478862924
0036539225
0036283888
0036850395
45336328394
99578439029
0036527659
64828405080
0036359115
79006076499
0036782230
0036851660
52654838961
60030447602
0036327272
0036240726
64850143288
54733076835
0036192725
0036474501
71268323501
0036065121
59785332356
0036673955
0036499343
98679701823
0036005065
81086168856
0036310565
48902551512
0036106693
70410690182
0036427552
0036378626
97561919594
84771554619
92918468572
0036321488
0036369745
73780040996
0036868068
77493616373
0036654593
72126393634
06454382794
0036192748
70627454998
73782528394
60782926156
96338882989
0036626858
36392816693
18842003341
70283840000
0036797057
98971774040
0036236380
08024893395
53783862232
73794372600
71025451822
89270794078
91891058342
01758440195
0036121010
59544049133
0036188016
0036709086
38038605426
0036102571
89289574338
73011986443
14598210591
49266237152
36982263906
09784909805
36035035079
99752360212
0036667799
90103074628
76760934296
09531581970
0036374861
06544900152
31292048736
0036463506
0036001779
0036331569
0036798537
0036776912
33312014635
16176196447
12253354897
42444689740
72359036905
0036710114
0036051673
21315415894
0036662634
0036725779
0036237096
0036758843
75133007648
0036937807
55440854771
0036240371
14061835106
92188687748
0036537648
0036521065
0036463720
19914533309
0036025813
62430573913
0036003626
15708369367
0036970153
0036821770
42746188158
64357161090
61955995309
35326720286
0036662530
67349256536
0036087470
39861043460
0036295984
0036135990
0036691410
40907836269
89320049764
0036417304
0036139972
22981474059
14366465945
0036492510
73729448941
0036506403
55331386135
80173174390
0036973500
58617513796
0036375919
0036947424
0036120726
0036915825
0036993808
0036809126
98130285333
0036750421
0036104779
79971634987
0036148662
0036919947
0036370762
97804100833
0036661289
0036523588
49139955434
45239783249
0036885129
0036534181
0036284885
28688949784
24012728813
0036151240
79534387729
0036738260
52374540445
34972792398
02558144625
0036440812
0036835018
0036637877
93066974365
0036798312
0036785771
70590473873
35412060849
0036442333
0036192814
0036958507
38336668508
57349724334
0036759704
0036180773
0036525438
43090565102
12804075866
0036554236
23793546168
0036787702
0036427836
34525103597
87232499778
61874581076
22905749253
0036902953
60076128040
88585037001
15073928965
89369440034
34168090278
11258868299
08191062517
0036159117
59881124862
21747224976
0036513541
0036857925
00258608360
0036060353
34359343019
95089055751
83426276450
0036183851
0036344102
90102790535
31085026791
0036055748
49287382512
0036319752
0036848526
0036489611
96392259490
70705996989
14416921126
96367423564
0036750327
0036275440
38829069240
69868179751
63585906230
0036654209
15481363846
76983838892
92944743575
0036151944
0036141514
84009849973
0036878680
88405649170
0036237620
0036294595
0036452081
0036015493
0036458505
0036509247
72037444002
57532599148
0036255951
0036157666
59023306918
0036884839
0036989289
18202820703
0036399408
75601996407
0036879691
32966800308
30401454281
48869879425
0036195759
0036763551
13510390166
0036613774
00709689821
0036323229
0036197766
0036675047
79581767553
0036168352
26058650449
20011553042
0036663406
61618236636
37882428521
0036789170
70333007768
53379915555
85750981514
05372457402
0036189058
0036841467
0036000398
0036668635
0036305222
54805160413
82927579828
95686473749
89907334428
0036306283
16160095581
0036059729
0036187418
0036129941
0036847635
0036912776
0036687323
22551666734
0036215834
0036936512
03557252449
52190148197
48933675475
04565728327
69803889838
0036177864
23623137911
0036994295
02781476287
0036163038
99775547424
87174916359
13825944480
48116179999
0036687448
16069494873
35986157976
66890770600
16843425657
0036733387
74999010331
07351231683
89158780816
42944715872
0036312751
44714555421
95194453814
47527751547
0036608413
77401674183
01419209545
0036597498
0036069355
0036175442
19504339782
36682805280
58120410351
93875403732
48903087008
75213046630
0036600522
0036414872
0036241280
0036008028
0036283705
10388545135
40383546083
26223428937
0036691231
0036152174
53752248415
0036910292
0036236467
93512803200
0036084177
0036555817
94264457355
0036870506
0036845131
0036544565
28854827177
10505980227
85541025686
68704724445
59267563814
82048557040
0036290695
0036592384
18172618536
65037294956
0036501965
0036295548
79774307030
0036626258
0036038017
14155278440
62391596898
0036200845
21015968280
0036194254
0036309310
0036619847
0036647434
44252624284
0036408143
0036018579
49010532350
91145833669
49999767006
31927125950
70168330556
0036358823
0036918927
23816020530
67326197094
66837559188
0036193281
0036046047
05422855690
0036617202
69446303185
08728948989
22122278968
0036013317
72570840018
05993210323
0036189932
0036772936
85617058409
0036442508
0036413086
22998903117
17945514434
89935583331
0036047877
86905284844
28207027522
0036263183
0036367681
0036650342
0036044868
98903935068
0036131097
34516934170
69354076646
